user time word
0 0 1
0 0 3
0 0 12
0 0 1
0 0 14
0 0 26
0 0 8
0 0 3
0 0 325
0 0 721
0 0 3
0 0 2
0 0 1
0 0 3
0 0 4
0 0 1
0 0 66
0 0 3
0 0 3
0 0 2
0 693 3
0 693 5
0 693 1
0 781 3
0 781 2
0 781 1
0 781 1
0 4068 2
0 5215 1
0 5215 2
0 5215 1
0 8742 2
0 10193 1
0 10193 21
0 10193 7
0 10853 2
0 11899 3
0 11899 2
0 13479 2
0 14544 1
0 14544 1
0 14544 1
0 16578 1
0 16578 8
0 16578 1
0 16578 1
0 16578 1
0 16578 1
0 18928 1
0 18928 1
0 18928 1
0 19463 1
0 19463 1
0 19463 1
0 19463 12
0 19710 1
0 19710 1
0 19710 2
0 21951 8
0 21951 10
0 21951 7
0 21951 1
0 27082 2
0 27082 1
0 27082 1
0 27574 1
0 27574 1
0 27574 1
0 27574 66
0 27676 2
0 27676 1
0 29039 5
0 29039 2
0 29039 1
0 29039 1
0 30956 1
0 30956 2
0 33601 5
0 34287 12
0 34287 1
0 34287 2
0 41696 2
0 41696 1
0 42225 1
0 42225 2
0 43747 3
0 43747 3
0 43747 2
0 43747 2
0 50269 5
0 50811 1
0 50811 103
0 50811 1
0 50811 6
0 50811 3
0 52312 2
0 52312 1
0 52312 1
0 52312 1
0 57921 51
0 57921 2
0 57921 1
0 60298 6
0 60298 3
0 62142 4
0 62142 1
0 62142 1
0 62142 1
0 62142 2
0 62142 1
0 66023 1
0 66023 2
0 66675 5
0 66675 2
0 66675 2
0 67414 1
0 67414 1
0 68080 1
0 68080 1
0 68124 101
0 68600 2
0 68600 1
0 68600 1
0 68600 1
0 69325 8
0 69325 1
0 69410 3
0 69410 6
0 69410 1
0 69410 5
0 77470 1
0 77470 1
0 78100 3
0 78100 3
0 78100 21
0 78100 1
0 78848 1
0 78848 2
0 78848 1
0 79256 2
0 79256 2
0 79256 2
0 79256 1
0 79256 1
0 79938 2
0 79938 2
0 79938 1
0 79938 1
0 80528 1
0 80528 3
0 80528 1
0 80528 1
0 80528 1
0 80528 1
0 80528 3
0 84650 3
0 86219 44
0 86219 3
0 86219 3
0 86219 19
0 88262 1
0 88262 1
0 89529 1
0 89877 1
0 89877 2
0 89877 6
0 89877 1
0 89936 4
0 89936 1
0 89936 1
0 89936 3
0 91621 57
0 92806 1
0 92806 5
0 92806 2
0 92806 2
0 92806 2
0 93584 3
0 93885 1
0 93885 1
0 93885 1
0 93885 10
0 93885 1
0 93885 1
0 96230 1
0 96230 1
0 99449 1
0 99449 1
0 99449 4
0 99449 73
0 105624 2
0 107439 1
0 107439 1
0 107439 57
0 107439 6
0 107439 5
0 107439 40
0 107439 1
0 107439 3
0 109416 6
0 109416 2
0 109996 1
0 109996 1
0 111478 5
0 111478 1
0 111478 1
0 113215 5
0 113215 4
0 113215 1
0 113215 66
0 115754 1
0 115754 1
0 115754 11
0 115754 2
0 115754 6
0 115754 5
0 115754 3
0 116846 1
0 116846 3
0 117139 2
0 117139 2
0 117139 1
0 117139 1
0 117139 3
0 117282 1
0 117282 2
0 117282 1
0 117981 1
0 117981 7
0 117981 5
0 118102 103
0 118102 1
0 118102 6
0 118475 1
0 118475 1
0 118475 1
0 121052 2
0 121298 2
0 121298 1
0 121298 1
0 123528 1
0 126910 3
0 126910 39
0 126910 1
0 126910 1
0 126910 2
0 126910 1
0 132995 9
0 133901 105
0 133901 2
0 133901 14
0 133901 1
0 134863 3
0 134863 1
0 134863 5
0 134863 1
0 138086 1
0 140604 5
0 140604 1
0 140604 2
0 140604 1
0 145903 2
0 145903 1
0 146908 4
0 146908 11
0 146943 1
0 146943 1
0 146943 1
0 149000 2
0 149000 1
0 149000 793
0 149000 71
0 150589 8
0 150589 2
0 150589 1
0 151659 1
0 151659 1
0 151659 2
0 154008 1
0 154008 69
0 158224 2
0 158224 1
0 161213 3
0 161213 1
0 161952 2
0 161952 5
0 161952 108
0 161952 3
0 161952 1
0 161952 10
0 163278 1
0 163278 2
0 163278 26
0 164340 1
0 164340 1
0 165689 2
0 172874 2
0 173104 1
0 173104 2
0 173104 1
0 173104 3
0 173104 2
0 177007 1
0 177007 1
0 177007 18
0 178605 3
0 178605 7
0 178605 7
0 178986 2
0 181560 1
0 181560 2
0 182965 4
0 182965 73
0 182965 1
0 182965 1
0 182965 46
0 186914 1
0 186914 1
0 186914 1
0 187785 1
0 188910 32
0 188910 2
0 188910 23
0 188910 2
0 188910 1
0 190173 2
0 194272 2
0 194272 6
0 194272 1
0 194272 1
0 194272 1
0 194595 1
0 194595 1
0 194595 11
0 198168 2
0 198168 1
0 202217 1
0 202217 1
0 202217 21
0 202217 1
0 202562 1
0 203702 8
0 203702 3
0 203702 2
0 203702 1
0 203702 3
0 203702 107
0 205131 40
0 205131 23
0 205515 1
0 205730 16
0 205730 1
0 206316 1
0 206316 1
0 206316 1
0 206316 1
0 209850 79
0 209850 4
0 209850 1
0 209850 2
0 209850 1
0 211735 1
0 211735 1
0 211735 3
0 211735 1
0 212400 1
0 212998 3
0 213430 26
0 213430 3
0 213430 8
0 216774 244
0 216774 1
0 216774 43
0 216774 1
0 216774 103
0 216774 1
0 216774 6
0 217524 44
0 217524 1
0 219727 1
0 219727 1
0 221540 1
0 221540 2
0 221540 1
0 221540 1
0 228202 1
0 228316 1
0 228316 1
0 228316 1
0 228331 5
0 228331 1
0 228331 2
0 228953 1
0 228953 1
0 239399 3
0 239399 8
0 239399 3
0 239399 325
0 242333 1
0 242333 3
0 242347 1
0 242347 2
0 243411 1
0 243411 1
0 244202 1
0 244202 3
0 244202 8
0 248398 2
0 248398 1
0 248595 285
0 248595 6
0 253475 1
0 253475 15
0 253475 571
0 253475 1
0 253475 1
0 253475 1
0 253475 24
0 255186 1
0 255686 1
0 255686 13
0 255686 1
0 259407 3
0 259407 1
0 259407 2
0 259407 2
0 260590 5
0 260590 2
0 262884 3
0 262884 1
0 262938 4
0 262938 2
0 262938 4
0 262938 1
0 263543 2
0 263543 1
0 263543 2
0 263543 1
0 263543 2
0 267887 1
0 267887 3
0 267887 3
0 267887 1
0 271697 1
0 271697 7
0 271697 2
0 271697 2
0 271697 2
0 271697 1
0 274078 1
0 274078 1
0 274078 1
0 274078 1
0 279333 1
0 279333 1
0 279333 1
0 284159 1
0 285423 1
0 285423 9
0 285423 1
0 285423 1
0 287330 1
0 293926 1
0 293926 1
0 293926 2
0 294056 2
0 294056 2
0 294056 10
0 300589 2
0 301019 1
0 301019 1
0 301019 2
0 301019 2
0 301019 1
0 301019 1
0 301019 1
0 301019 1
0 301019 1
0 304902 1
0 305617 1
0 305617 3
0 306736 1
0 306736 1
0 306736 1
0 307153 1
0 307153 1
0 307153 2
0 308656 62
0 308897 10
0 308897 14
0 311389 1
0 311389 1
0 311389 1
0 311389 1
0 316435 2
0 316435 1
0 316435 1
0 318589 1
0 318589 2
0 318589 1
0 321122 2
0 321122 2
0 321122 1
0 321233 63
0 321233 5
0 321233 1
0 321233 1
0 321233 3
0 321894 80
0 321894 2
0 321894 1
0 323141 1
0 326536 1
0 326536 1
0 326536 3
0 326536 3
0 326827 5
0 326827 6
0 326965 2
0 326965 2
0 326965 1
0 328338 3
0 328338 1
0 330310 210
0 330310 8
0 331321 2
0 331321 1
0 331321 1
0 331321 6
0 331321 7
0 331321 1
0 331321 2
0 331321 1
0 331645 5
0 331645 21
0 332256 1
0 332256 13
0 333256 3
0 333256 1
0 333256 1
0 338047 7
0 338047 1
0 338047 1
0 338047 2
0 338508 1
0 338508 1
0 343530 1
0 351264 5
0 351264 2
0 351264 16
0 351264 2
0 351264 1
0 353164 1
0 353164 13
0 353164 1
0 353164 3
0 353164 1
0 353164 1
0 353164 1
0 353164 1
0 354142 1
0 354627 7
0 355528 1
0 357349 17
0 357349 2
0 357349 2
0 359026 1
0 359026 1
0 359026 1
0 359026 2
0 359026 1
0 359026 1
0 366184 21
0 366184 1
0 366184 1
0 366184 1
0 366184 2
0 375055 1
0 375055 1
0 375055 1
0 376572 1
0 377136 1
0 377136 1
0 377136 1
0 377680 1
0 377680 1
0 377680 1
0 377680 1
0 381741 9
0 381741 1
0 381741 1
0 381741 1
0 381741 330
0 381741 1
0 385346 2
0 385346 1
0 395474 5
0 395474 2
0 398292 8
0 398433 116
0 398433 825
0 398433 1
0 398433 2
0 400420 1
0 404152 5
0 404152 1
0 407533 8
0 407533 1
0 407533 5
0 408999 39
0 408999 3
0 408999 1
0 410807 4
0 410807 1
0 410807 1
0 410807 1
0 412970 6
0 412970 1
0 413667 1
0 413667 2
0 413667 25
0 415420 1
0 419810 1
0 420046 1
0 420046 12
0 420046 3
0 420046 1
0 420046 2
0 425735 1
0 425735 86
0 425735 2
0 426957 3
0 426957 2
0 426957 3
0 426957 1
0 429343 244
0 429343 1
0 429343 1
0 429343 1
0 429343 1
0 429343 1
0 429343 1
0 430060 1
0 430060 4
0 430060 1
0 430060 3
0 430060 1
0 430060 3
0 430060 7
0 430060 1
0 432643 1
0 432643 1
0 432660 6
0 432660 1
0 432832 13
0 432832 1
0 435546 8
0 435546 1
0 435546 1
0 435546 1
0 435546 3
0 435546 2
0 435546 1
0 435546 2
0 436834 2
0 436834 23
0 436834 62
0 436834 5
0 439275 1
0 439275 1
0 440643 2
0 440825 1
0 440825 1
0 450439 1
0 450439 77
0 450439 1
0 450439 1
0 450439 5
0 450439 20
0 450559 1
0 450559 1
0 451679 1
0 451679 2
0 451679 214
0 451679 1
0 451679 903
0 458036 1
0 458036 1
0 458036 7
0 458036 1
0 458036 1
0 464006 1
0 465556 2
0 465556 1
0 465556 2
0 471076 2
0 471076 1
0 471076 2
0 479639 3
0 479639 3
0 479639 4
0 479639 1
0 484457 1
0 484457 5
0 484457 1
0 484457 1
0 487031 1
0 487031 2
0 487316 1
0 487316 1
0 487316 1
0 489777 1
0 489777 1
0 489777 1
0 489777 1
0 489777 1
0 489777 1
0 491352 1
0 495329 1
0 495329 2
0 495329 1
0 495329 1
0 495329 3
0 495329 1
0 495329 4
0 495525 1
0 495525 1
0 495525 1
0 496924 11
0 496924 1
0 501349 108
0 501349 3
0 501349 2
0 503252 1
0 503289 2
0 506609 1
0 506609 1
0 506609 1
0 506609 1
0 509603 44
0 509603 1
0 509603 1
0 509603 8
0 511593 4
0 511593 1
0 511593 4
0 511593 2
0 511593 2
0 513177 1
0 513177 1
0 513177 4
0 514141 2
0 514141 1
0 514639 40
0 514639 4
0 515199 2
0 515565 2
0 515565 1
0 515565 1
0 518129 1
0 518129 3
0 518129 1
0 523400 2
0 523400 21
0 523400 1
0 523400 1
0 526274 5
0 526274 1
0 526274 48
0 535605 5
0 535605 2
0 535605 1
0 535605 20
0 535605 2
0 536698 2
0 536698 2
0 539086 3
0 539086 1
0 539086 1
0 539086 1
0 539086 1
0 539086 4
0 539086 16
0 540451 6
0 540451 3
0 540451 2
0 540451 1
0 547651 1
0 547651 1
0 551403 32
0 551403 1
0 551403 6
0 552282 2
0 552282 3
0 552282 1
0 552944 1
0 552944 1
0 552944 1
0 554583 32
0 554583 13
0 554583 1
0 554583 1
0 554583 2
0 554583 57
0 554583 1
0 557734 1
0 557734 1
0 557734 1
0 557734 2
0 557734 3
0 557734 1
0 557734 47
0 559753 1
0 561828 1
0 562207 1
0 562207 1
0 562207 1
0 562207 4
0 562207 1
0 572428 2
0 572428 1
0 572428 1
0 573818 2
0 575010 2
0 575010 21
0 575010 1
0 575010 1
0 575010 1
0 575167 2
0 575167 10
0 575167 1
0 575167 2
0 575511 1
0 575511 1
0 578617 3
0 580137 1
0 580137 2
0 580137 1
0 580137 1
0 580137 91
0 580180 1
0 580180 9
0 580180 1
0 580180 1
0 590342 2
0 590342 1
0 590342 104
0 592101 409
0 592101 2
0 592101 1
0 592629 1
0 594353 8
0 594353 2
0 594353 1
0 594353 4
0 594353 6
0 599347 2
0 599347 1
0 599877 4
0 602071 1
0 602071 1
0 602071 2
0 602269 1
0 602269 1
0 602269 1
0 602269 1
0 603586 1
0 603586 764
0 603586 1
0 603586 1
0 604785 2
0 604785 1
0 607400 1
0 607636 1
0 607636 1
0 607636 3
0 613909 1
0 613909 3
0 613909 10
0 613909 2
0 615780 1
0 615780 1
0 616955 31
0 616955 1
0 616955 1
0 619643 1
0 619643 1
0 619643 1
0 619643 1
0 619643 1
0 619643 1
0 620664 1
0 620664 2
0 620664 1
0 625970 8
0 625970 1
0 625970 3
0 625970 3
0 625970 1
0 629438 1
0 631505 2
0 632013 1
0 632013 1
0 632785 18
0 632785 1
0 634189 2
0 634189 1
0 634189 3
0 634255 36
0 634255 1
0 635013 3
0 635013 1
0 635013 1
0 635013 1
0 635013 2
0 635013 3
0 635013 1
0 635816 2
0 635816 1
0 635816 5
0 635816 1
0 635816 2
0 635816 6
0 635816 1
0 637501 2
0 637501 1
0 638124 1
0 638124 1
0 638124 43
0 639261 2
0 639261 1
0 642504 3
0 642504 13
0 642504 1
0 642504 2
0 642504 2
0 643215 3
0 643215 2
0 645695 1
0 645695 1
0 645868 6
0 645868 5
0 645868 1
0 645868 3
0 647329 1
0 647329 1
0 647329 2
0 648175 1
0 648175 4
0 648175 3
0 651669 1
0 651669 1
0 651669 135
0 651669 1
0 651669 66
0 654921 1
0 654921 5
0 654921 1
0 656136 2
0 656136 1
0 656945 32
0 656945 1
0 656945 22
0 656945 50
0 657596 4
0 657596 10
0 662231 3
0 662231 1
0 667367 1
0 667367 12
0 670829 1
0 672536 1
0 672536 1
0 672536 1
0 672536 1
0 672826 1
0 672826 2
0 672826 1
0 672826 1
0 672826 8
0 672932 7
0 672932 1
0 672932 1
0 677156 1
0 677156 1
0 677156 11
0 677156 3
0 677156 1
0 677560 1
0 677560 5
0 678774 1
0 678774 5
0 678774 1
0 685784 1
0 685784 1
0 685784 2
0 685784 10
0 685848 1
0 685848 6
0 685848 1
0 687282 3
0 687282 3
0 687282 2
0 687282 2
0 687476 2
0 687476 2
0 687476 5
0 687476 15
0 687476 1
0 688508 1
0 688508 3
0 688508 6
0 688508 1
0 688508 1
0 691795 1
0 696316 1
0 696316 1
0 696316 1
0 696316 1
0 697953 1
0 697953 1
0 697953 1
0 697953 2
0 697953 1
0 697953 1
0 698428 53
0 703242 1
0 703242 4
0 703242 1
0 703786 3
0 703786 13
0 703786 1
0 703786 1
0 706711 1
0 706711 1
0 707443 2
0 708800 1
0 708800 1
0 708800 1
0 708800 8
0 708800 1
0 708831 3
0 708831 3
0 708831 22
0 712836 1
0 712836 1
0 712836 2
0 712836 1
0 712836 13
0 712891 1
0 712891 1
0 725360 1
0 725360 1
0 725360 53
0 725360 2
0 725360 2
0 726656 1
0 726656 3
0 726656 1
0 726656 1
0 726656 3
0 731542 1
0 731542 1
0 731542 1
0 731542 1
0 734196 1
0 734249 1
0 734249 1
0 734249 214
0 734991 24
0 734991 1
0 734991 9
0 735509 1
0 735509 1
0 735509 1
0 735509 2
0 735509 2
0 735529 1
0 735529 285
0 736898 1
0 736898 1
0 736898 1
0 744506 1
0 744506 1
0 744506 3
0 745011 1
0 745484 4
0 745484 1
0 745484 1
0 745484 1
0 745484 1
0 747159 1
0 748013 19
0 748013 409
0 753401 1
0 753401 13
0 753401 1
0 753401 2
0 753401 1
0 753401 2
0 753401 1
0 753974 1
0 753974 4
0 768771 5
0 768771 51
0 768771 7
0 768771 3
0 771580 5
0 773882 1
0 773882 1
0 776300 1
0 776300 3
0 778237 4
0 778237 1
0 778237 4
0 778237 2
0 779557 1
0 779557 1
0 779557 2
0 779557 1
0 784028 1
0 784028 2
0 784028 1
0 784028 1
0 784028 1
0 784955 1
0 784955 1
0 784955 49
0 784955 2
0 784955 60
0 787007 1
0 787007 13
0 798047 302
0 798047 1
0 798047 1
0 798047 1
0 798047 5
0 798047 1
0 798047 4
0 799084 1
0 799084 1
0 799213 1
0 799213 1
0 799213 1
0 799996 5
0 800397 3
0 800397 19
0 800397 1
0 805444 2
0 805935 26
0 805935 1
0 805935 1
0 805935 1
0 805935 1
0 805935 1
0 805935 3
0 811962 1
0 811962 1
0 812394 1
0 812394 1
0 812443 1
0 812443 1
0 814921 1
0 816598 1
0 816598 1
0 816598 8
0 818026 1
0 818026 466
0 818026 1
0 819865 2
0 819865 2
0 819865 6
0 819865 7
0 821219 1
0 821219 1
0 821715 2
0 821715 1
0 821715 2
0 822745 1
0 822745 1
0 822745 1
0 822745 1
0 825713 13
0 825713 1
0 825713 3
0 825713 210
0 826022 3
0 826595 1
0 826595 3
0 826595 10
0 827532 10
0 827532 1
0 827532 6
0 827532 2
0 828849 14
0 828849 1
0 828849 24
0 829005 1
0 829005 1
0 829005 5
0 830445 1
0 831823 1
0 834341 8
0 834341 2
0 834341 1
0 834341 1
0 834882 3
0 834882 1
0 834882 1
0 834882 1
0 836573 1
0 836573 2
0 836573 1
0 836573 1
0 840104 1
0 840104 3
0 840104 2
0 840409 1
0 845956 1
0 845956 1
0 845956 5
0 845956 4
0 845956 1
0 846991 1
0 846991 1
0 847692 1
0 847692 2
0 847692 1
0 847692 1
0 848730 264
0 849861 1
0 853538 1
0 853538 3
0 853538 1
0 853538 10
0 853538 20
0 856053 26
0 856053 2
0 856053 36
0 856053 666
0 856053 2
0 856053 1
0 856053 6
0 856676 6
0 856676 1
0 856676 1
0 856676 1
0 856676 1
0 856676 4
0 857380 1
0 857380 69
0 857380 2
0 857380 1
0 857821 1
0 857821 1
0 857821 3
0 857821 1
0 858695 1
0 858695 4
0 859315 1
0 859315 3
0 859315 2
0 859315 1
0 859315 1
0 861391 5
0 861391 1
0 861391 2
0 861391 1
0 861391 1
0 870358 13
0 871655 1
0 871655 8
0 874308 1
0 874308 1
0 885024 4
0 885024 14
0 885024 14
0 885024 1
0 886016 1
0 886398 9
0 886398 1
0 888046 2
0 888046 12
0 890044 2
0 890044 1
0 890191 3
0 892017 1
0 892017 1
0 892017 1
0 892017 6
0 892017 2
0 892981 1
0 893114 325
0 893114 721
0 893114 3
0 893114 2
0 893114 1
0 893145 1
0 893145 1
0 893627 1
0 893627 1
0 893627 3
0 893627 1
0 894709 1
0 894709 3
0 894709 2
0 895604 3
0 895604 1
0 895604 2
0 895604 11
0 898067 14
0 898481 1
0 898481 664
0 898481 79
0 898481 1
0 898481 1
0 899233 1
0 899233 1
0 899233 3
0 899233 1
0 905402 1
0 905402 1
0 905402 3
0 905402 6
0 905402 5
0 905614 1
0 905614 2
0 906712 2
0 906712 3
0 908279 3
0 908279 18
0 908279 1
0 908279 10
0 908279 19
0 908279 1
0 908723 13
0 908723 23
0 908723 1
0 908723 3
0 908723 1
0 908932 1
0 908932 1
0 909684 2
0 909684 26
0 909684 4
0 909684 1
0 909684 1
0 909684 1
0 914967 8
0 914967 6
0 914967 1
0 914967 1
0 914967 1
0 914967 1
0 917064 3
0 917064 7
0 917064 69
0 917064 41
0 917064 2
0 918589 43
0 918719 2
0 918719 1
0 918719 5
0 924702 1
0 924702 1
0 924702 63
0 924702 2
0 925943 1
0 925943 1
0 925943 1
0 925943 1
0 928590 2
0 928590 1
0 928590 4
0 928590 3
0 929793 1
0 929793 1
0 932488 7
0 934958 1
0 934958 5
0 934958 1
0 934958 36
0 934958 666
0 936173 1
0 936173 2
0 938658 1
0 938658 1
0 938658 5
0 938658 3
0 938658 1
0 941040 1
0 941040 1
0 941040 1
0 941040 1
0 941040 1
0 941935 1
0 941935 3
0 944368 1
0 944368 3
0 944368 1
0 944368 1
0 944368 2
0 947270 1
0 947270 2
0 947270 3
0 949505 5
0 949505 2
0 949505 15
0 949505 24
0 949505 1
0 949770 8
0 949770 1
0 957948 1
0 957948 499
0 957948 2
0 959515 1
0 959515 1
0 960163 5
0 960163 1
0 960163 5
0 962721 1
0 962721 1
0 965031 1
0 965031 1
0 965031 1
0 965344 2
0 965344 1
0 965344 1
0 966951 16
0 966951 1
0 972658 1
0 972658 1
0 976315 1
0 976315 77
0 976474 3
0 976474 1
0 976474 3
0 983373 8
0 983373 1
0 983373 409
0 983373 2
0 984104 2
0 984104 25
0 984104 1
0 984104 2
0 984104 1
0 984104 1
0 984460 1
0 984460 3
0 986352 2
0 986352 1
0 988102 1
0 988102 1
0 988102 1
0 988102 2
0 988102 1
0 988102 1
0 988102 1
0 989326 1
0 989326 1
0 989326 1
0 989326 1
0 989405 4
0 989405 1
0 989610 1
0 990278 1
0 990278 1
0 990278 138
0 990278 84
0 992703 4
0 992703 1
0 993629 17
0 993629 1
0 995157 1
0 995157 1
0 995157 2
0 995157 3
0 996157 2
0 996157 2
0 996157 1
0 996219 1
0 996219 2
0 996219 4
0 996382 101
0 996382 2
0 996382 3
0 996382 1
0 996945 1
0 998451 1
0 998451 2
0 998451 1
0 998451 1
0 999629 2
0 999629 2
0 999629 1
0 1002583 1
0 1002583 3
0 1002583 1
0 1003165 1
0 1003165 1
0 1003165 3
0 1005300 1
0 1005300 1
0 1005300 1
0 1005300 3
0 1005300 3
0 1005300 4
0 1005457 3
0 1005473 1
0 1005473 1
0 1009070 1
0 1009154 1
0 1009154 1
0 1009154 20
0 1009154 1
0 1009154 1
0 1010116 5
0 1010116 1
0 1014557 1
0 1014557 2
0 1014557 1
0 1014557 1
0 1014557 1
0 1014557 1
0 1018408 1
0 1021083 5
0 1021685 1
0 1021685 1
0 1021685 1
0 1026492 3
0 1026492 1
0 1026492 1
0 1028563 1
0 1028563 157
0 1028824 24
0 1028824 2
0 1028824 3
0 1028824 1
0 1032353 1
0 1032353 33
0 1032353 1
0 1032360 2
0 1033323 10
0 1033323 1
0 1034536 1
0 1034536 4
0 1034536 1
0 1034536 1
0 1034536 1
0 1034536 1
0 1035029 1
0 1035029 1
0 1035029 3
0 1035029 3
0 1035029 6
0 1036823 1
0 1036823 2
0 1036823 6
0 1036930 1
0 1036930 103
0 1036930 1
0 1036930 6
0 1036930 3
0 1036930 1
0 1036930 2
0 1036930 2
0 1038508 1
0 1038508 1
0 1038508 1
0 1038915 1
0 1038915 110
0 1038915 1
0 1040776 12
0 1040776 1
0 1040776 1
0 1045192 1
0 1045192 4
0 1046756 1
0 1046756 1
0 1046756 1
0 1053279 1
0 1053279 1
0 1056350 62
0 1056350 2
0 1056350 1
0 1056350 10
0 1057325 287
0 1057325 1
0 1057325 2
0 1057325 1
0 1057926 1
0 1057926 1
0 1057926 2
0 1057926 1
0 1057926 1
0 1057926 8
0 1061179 1
0 1065698 5
0 1065698 2
0 1065698 1
0 1065698 2
0 1065698 3
0 1072238 1
0 1072238 1
0 1073050 4
0 1073050 125
0 1073050 1
0 1073050 1
0 1074404 1
0 1074404 1
0 1074404 2
0 1074404 1
0 1075639 1
0 1075639 2
0 1075639 62
0 1075639 10
0 1075639 14
0 1076025 2
0 1076025 2
0 1078045 1
0 1078045 1
0 1078045 2
0 1078045 2
0 1079472 1
0 1079472 1
0 1079472 3
0 1079472 1
0 1083871 1
0 1083871 2
0 1083872 36
0 1083872 1
0 1084590 1
0 1086685 1
0 1086685 1
0 1086685 10
0 1086685 1
0 1086685 1
0 1086794 717
0 1088171 1
0 1088171 1
0 1088171 1
0 1088171 3
0 1088554 589
0 1090020 1
0 1090020 1
0 1090020 1
0 1090020 2
0 1090020 6
0 1092810 1
0 1095773 1
0 1097867 6
0 1097867 1
0 1097867 1
0 1101241 2
0 1101241 17
0 1101241 66
0 1101241 1
0 1101241 11
0 1101372 23
0 1101372 2
0 1101372 5
0 1101372 2
0 1102951 1
0 1102951 1
0 1103044 2
0 1103044 2
0 1103690 1
0 1103690 4
0 1103690 3
0 1106647 9
0 1106647 1
0 1106647 2
0 1106647 1
0 1106647 2
0 1106647 3
0 1106647 1
0 1106647 2
0 1107333 46
0 1107333 8
0 1109031 1
0 1109031 2
0 1109275 1
0 1109275 97
0 1109884 2
0 1109884 9
0 1110697 1
0 1110697 1
0 1110697 1
0 1110697 3
0 1110697 1
0 1110697 1
0 1115262 1
0 1115262 1
0 1115262 1
0 1116495 1
0 1117120 1
0 1117120 2
0 1117120 2
0 1117120 1
0 1117599 1
0 1117599 3
0 1121053 1
0 1121053 4
0 1123183 2
0 1123859 2
0 1123859 2
0 1123859 2
0 1126313 1
0 1126313 1
0 1126313 1
0 1131193 1
0 1131193 143
0 1131193 21
0 1131193 1
0 1132194 3
0 1132194 1
0 1132194 3
0 1132194 1
0 1132194 1
0 1132194 1
0 1132194 1
0 1135093 3
0 1135093 7
0 1135093 5
0 1136291 1
0 1136291 1
0 1136385 2
0 1138251 1
0 1138251 5
0 1138251 1
0 1139656 3
0 1139656 1
0 1140403 5
0 1140403 1
0 1140403 3
0 1140403 4
0 1141442 1
0 1141442 1
0 1143920 2
0 1143920 2
0 1143920 1
0 1143920 8
0 1148258 1
0 1148258 1
0 1148686 1
0 1148686 1
0 1150514 1
0 1150514 79
0 1150514 1
0 1154786 29
0 1156640 1
0 1156640 1
0 1156640 1
0 1157346 1
0 1157346 1
0 1157346 1
0 1157346 1
0 1157478 10
0 1157478 1
0 1157478 6
0 1157775 3
0 1157775 2
0 1157775 1
0 1157775 1
0 1158571 1
0 1158571 1
0 1158571 1
0 1158799 2
0 1158799 1
0 1158799 1
0 1158799 1
0 1158799 1
0 1158799 2
0 1158799 2
0 1158799 2
0 1160340 1
0 1160340 1
0 1160340 1
0 1160340 764
0 1160340 1
0 1160340 1
0 1160340 2
0 1167214 3
0 1167214 1
0 1167214 13
0 1167214 6
0 1167214 7
0 1172747 2
0 1172747 2
0 1172747 2
0 1174265 1
0 1174265 3
0 1174265 2
0 1174265 6
0 1174265 6
0 1175812 1
0 1175812 2
0 1175812 466
0 1176352 62
0 1176352 1
0 1178081 1
0 1178081 3
0 1178081 2
0 1181820 1
0 1181820 2
0 1181820 1
0 1181820 3
0 1181820 1
0 1181820 13
0 1181820 1
0 1182113 9
0 1182113 1
0 1182113 1
0 1182349 1
0 1182971 3
0 1182971 2
0 1184360 2
0 1184360 2
0 1185032 1
0 1185032 1
0 1185032 1
0 1185056 1
0 1185056 18
0 1185056 1
0 1185056 1
0 1185056 1
0 1188677 1
0 1192487 1
0 1192487 1
0 1192487 2
0 1194488 1
0 1194488 6
0 1194488 1
0 1194488 21
0 1194488 3
0 1194575 2
0 1194575 1
0 1194963 1
0 1194963 1
0 1194963 1
0 1195667 1
0 1195667 3
0 1197502 1
0 1197502 1
0 1197502 2
0 1197823 1
0 1197823 214
0 1197823 1
0 1197823 1
0 1199090 2
0 1199301 1
0 1199301 3
0 1199301 2
0 1200486 2
0 1200486 1
0 1200568 2
0 1201822 4
0 1201957 6
0 1201957 1
0 1204193 2
0 1204193 25
0 1205379 1
0 1205379 1
0 1205379 2
0 1205379 1
0 1207300 1
0 1207300 1
0 1207300 1
0 1218180 1
0 1218180 4
0 1218993 1
0 1218993 1
0 1219213 2
0 1219213 17
0 1219213 1
0 1219213 1
0 1219213 1
0 1223845 3
0 1223845 1
0 1223845 1
0 1223845 8
0 1223845 1
0 1225842 3
0 1227687 2
0 1229529 1
0 1229529 767
0 1229529 1
0 1231489 1
0 1231489 15
0 1234661 3
0 1234661 1
0 1234661 1
0 1234661 3
0 1234661 1
0 1234661 17
0 1235368 4
0 1235368 1
0 1236827 1
0 1236827 1
0 1239081 3
0 1239081 98
0 1239081 38
0 1239081 1
0 1239302 12
0 1239302 2
0 1239302 1
0 1239592 2
0 1239592 6
0 1241726 2
0 1241726 1
0 1241726 7
0 1241726 2
0 1241726 1
0 1241726 246
0 1241726 2
0 1244379 21
0 1244379 1
0 1244379 2
0 1247008 1
0 1257971 2
0 1257971 1
0 1257971 1
0 1257971 6
0 1257971 1
0 1263705 3
0 1263705 1
0 1263705 1
0 1266732 3
0 1266732 1
0 1266732 1
0 1266732 18
0 1266732 1
0 1267364 2
0 1267364 2
0 1270721 1
0 1270721 4
0 1270721 3
0 1272095 1
0 1272095 1
0 1272095 1
0 1272095 1
0 1272095 32
0 1273255 1
0 1275512 39
0 1275512 1
0 1275512 1
0 1275512 25
0 1276800 1
0 1276800 1
0 1276800 1
0 1276800 1
0 1276800 22
0 1279865 1
0 1279865 3
0 1279865 1
0 1279865 8
0 1279865 4
0 1279865 1
0 1279868 2
0 1279868 1
0 1279868 1
0 1282963 48
0 1282963 2
0 1284432 3
0 1284432 1
0 1284432 1
0 1284822 1
0 1284822 16
0 1284822 1
0 1284822 9
0 1287867 1
0 1295443 1
0 1295443 1
0 1295443 1
0 1295443 2
0 1295507 1
0 1296106 329
0 1296458 1
0 1297345 1
0 1297345 1
0 1297769 6
0 1297769 109
0 1297769 1
0 1297769 1
0 1298061 9
0 1298864 4
0 1298864 18
0 1302520 1
0 1302520 2
0 1304854 2
0 1308613 4
0 1308613 1
0 1310328 1
0 1310328 1
0 1310328 3
0 1310328 9
0 1310328 16
0 1310328 2
0 1310328 43
0 1310328 2
0 1310328 1
0 1313231 3
0 1313231 1
0 1313231 2
0 1314148 12
0 1314148 1
0 1315339 1
0 1319351 1
0 1319351 1
0 1319351 15
0 1319351 17
0 1319351 1
0 1326079 5
0 1326079 5
0 1326079 1
0 1327381 1
0 1327381 2
0 1327381 1
0 1330740 1
0 1333013 9
0 1333441 4
0 1333441 1
0 1333717 1
0 1333717 4
0 1333966 10
0 1333966 1
0 1335199 2
0 1335199 1
0 1335199 1
0 1337212 3
0 1337212 1
0 1337212 23
0 1337212 5
0 1345299 1
0 1345299 1
0 1345299 1
0 1346383 3
0 1346383 1
0 1346383 2
0 1346524 8
0 1346524 3
0 1346524 2
0 1347935 2
0 1347935 1
0 1347935 832
0 1347935 1
0 1349478 1
0 1349478 1
0 1349478 1
0 1349478 1
0 1349654 5
0 1350305 1
0 1350305 3
0 1350305 2
0 1350881 7
0 1350881 3
0 1350881 4
0 1350881 1
0 1350881 1
0 1350881 24
0 1356272 4
0 1356272 1
0 1356272 1
0 1359148 10
0 1359148 1
0 1359148 3
0 1359148 2
0 1362566 2
0 1362566 214
0 1362566 1
0 1364824 1
0 1364824 1
0 1364824 1
0 1364824 2
0 1364824 6
0 1366972 1
0 1366972 11
0 1366972 1
0 1366972 1
0 1366972 1
0 1369957 13
0 1369957 1
0 1369957 2
0 1371660 1
0 1371660 1
0 1371660 5
0 1372669 378
0 1372669 14
0 1372669 1
0 1372704 3
0 1372704 1
0 1372704 2
0 1372704 1
0 1372704 1
0 1381697 1
0 1381697 1
0 1381697 2
0 1382659 6
0 1382659 1
0 1382659 1
0 1385741 2
0 1385741 1
0 1388170 1
0 1388170 1
0 1388170 1
0 1388899 2
0 1388899 1
0 1388899 8
0 1389161 1
0 1389161 1
0 1389161 1
0 1393059 14
0 1393059 26
0 1393059 8
0 1393095 7
0 1393095 2
0 1396466 2
0 1396466 1
0 1396466 1
0 1396466 1
0 1396466 1
0 1396466 1
0 1396466 4
0 1396466 2
0 1396787 1
0 1397238 1
0 1397238 1
0 1397238 1
0 1397238 1
0 1397238 1
0 1397238 1
0 1397708 1
0 1397708 1
0 1400776 1
0 1400776 1
0 1401786 1
0 1401786 119
0 1403898 1
0 1403898 1
0 1403898 1
0 1403898 3
0 1409451 10
0 1409451 1
0 1409451 1
0 1409451 1
0 1413322 1
0 1413322 1
0 1413322 1
0 1413322 1
0 1413322 4
0 1413322 1
0 1417235 2
0 1418849 8
0 1421460 4
0 1421460 1
0 1421460 3
0 1421460 62
0 1423626 1
0 1423626 2
0 1424683 1
0 1424683 1
0 1425046 2
0 1425046 1
0 1425046 1
0 1425508 2
0 1425508 6
0 1425508 7
0 1425508 128
0 1425508 1
0 1425508 135
0 1427644 1
0 1427644 2
0 1427644 1
0 1428446 3
0 1428446 1
0 1428446 1
0 1428446 1
0 1428446 1
0 1431733 1
0 1431733 188
0 1436954 1
0 1436954 1
0 1436954 1
0 1437261 1
0 1441260 1
0 1441260 1
0 1441260 466
0 1441260 1
0 1441645 10
0 1442077 3
0 1442077 18
0 1442077 1
0 1442077 1
0 1442077 1
0 1442077 1
0 1449620 1
0 1449620 17
0 1449620 1
0 1449620 4
0 1449620 3
0 1452125 2
0 1452125 1
0 1453036 1
0 1454044 1
0 1454044 1
0 1454044 10
0 1454044 1
0 1458746 4
0 1458746 1
0 1458776 1
0 1458938 1
0 1458938 1
0 1458938 1
0 1458938 1
0 1458938 1
0 1459326 2
0 1463742 149
0 1463742 1
0 1463742 1
0 1463742 4
0 1466209 4
0 1466209 2
0 1466209 6
0 1466209 4
0 1466209 1
0 1468163 8
0 1468163 2
0 1470664 1
0 1470664 1
0 1470664 2
0 1472014 3
0 1472014 226
0 1472014 69
0 1472720 1
0 1472720 1
0 1476469 3
0 1476469 3
0 1476469 1
0 1477142 6
0 1477142 1
0 1477142 3
0 1477142 2
0 1477142 1
0 1478484 1
0 1478484 1
0 1478781 1
0 1482036 2
0 1482036 3
0 1482036 1
0 1482036 2
0 1482814 1
0 1482814 5
0 1482814 1
0 1482814 8
0 1484026 229
0 1484026 4
0 1484026 20
0 1484636 1
0 1486846 4
0 1486846 2
0 1486846 1
0 1486846 1
0 1487019 1
0 1487019 2
0 1487019 2
0 1487019 1
0 1487019 1
0 1487019 9
0 1490585 5
0 1490585 3
0 1495442 1
0 1495442 1
0 1495469 3
0 1495469 1
0 1495469 1
0 1495469 1
0 1499364 1
0 1499364 1
0 1499364 2
0 1501051 1
0 1501051 8
0 1501051 1
0 1504580 1
0 1504580 20
0 1506061 1
0 1506061 1
0 1506061 1
0 1506061 1
0 1507684 1
0 1507794 1
0 1507794 1
0 1508590 1
0 1508590 1
0 1508590 1
0 1508590 1
0 1508590 1
0 1508590 1
0 1509558 2
0 1509558 1
0 1509558 2
0 1512790 475
0 1512790 1
0 1512790 3
0 1512790 1
0 1512790 1
0 1514492 170
0 1514492 1
0 1514492 2
0 1515306 1
0 1515306 1
0 1525150 4
0 1525150 1
0 1525150 7
0 1525150 4
0 1527235 1
0 1527235 4
0 1527235 5
0 1527235 1
0 1533197 1
0 1533197 1
0 1533277 1
0 1533277 1
0 1534617 2
0 1534617 2
0 1534617 1
0 1535913 1
0 1537729 1
0 1537729 4
0 1537729 1
0 1537729 1
0 1537729 1
0 1541668 1
0 1541668 1
0 1541668 1
0 1543864 1
0 1543864 10
0 1544582 2
0 1544582 3
0 1544582 1
0 1545595 1
0 1545775 1
0 1545775 1
0 1545775 71
0 1545775 1
0 1545775 2
0 1545775 1
0 1545859 1
0 1545859 197
0 1545859 1
0 1545859 1
0 1545859 1
0 1545859 2
0 1545859 8
0 1545859 3
0 1547126 1
0 1547126 3
0 1549927 1
0 1549927 1
0 1554793 2
0 1554793 1
0 1554793 21
0 1556076 1
0 1556076 4
0 1557356 2
0 1557356 1
0 1557356 5
0 1557356 1
0 1557356 1
0 1557580 2
0 1557580 1
0 1558155 2
0 1558155 2
0 1558155 1
0 1558155 2
0 1558155 43
0 1558155 1
0 1558212 2
0 1558212 1
0 1558288 3
0 1558288 69
0 1558288 2
0 1558288 1
0 1558288 320
0 1558288 1
0 1558483 7
0 1558483 1
0 1558483 1
0 1558483 1
0 1558483 1
0 1558483 2
0 1558483 1
0 1565132 782
0 1565132 7
0 1565132 1
0 1565132 26
0 1565701 1
0 1565701 1
0 1565701 1
0 1565701 10
0 1565701 1
0 1565701 6
0 1567444 1
0 1567444 2
0 1576486 1
0 1576486 1
0 1576486 1
0 1576486 6
0 1577597 1
0 1577597 10
0 1577597 1
0 1578606 1
0 1578606 1
0 1578606 6
0 1578606 1
0 1579531 1
0 1579531 6
0 1581579 1
0 1583055 127
0 1583055 1
0 1583055 2
0 1583055 1
0 1583055 1
0 1589001 1
0 1589001 1
0 1592736 5
0 1592736 2
0 1592736 2
0 1592984 1
0 1594907 2
0 1594907 1
0 1594907 3
0 1597115 7
0 1597204 2
0 1597204 1
0 1597204 1
0 1597204 17
0 1597204 2
0 1597204 1
0 1597830 6
0 1597830 2
0 1597830 1
0 1599837 1
0 1599837 6
0 1599837 4
0 1600196 1
0 1600196 1
0 1600196 5
0 1600196 2
0 1600196 178
0 1604456 1
0 1604456 1
0 1606919 1
0 1606919 1
0 1606919 1
0 1606919 1
0 1606919 2
0 1608112 24
0 1608112 1
0 1608112 9
0 1608112 44
0 1608619 1
0 1608619 8
0 1612801 1
0 1612801 3
0 1613052 1
0 1613052 1
0 1613052 1
0 1613052 1
0 1627571 1
0 1627571 1
0 1627571 1
0 1627571 1
0 1627571 1
0 1627571 1
0 1631190 59
0 1631827 1
0 1631827 1
0 1631827 1
0 1631827 3
0 1633241 1
0 1633241 1
0 1633241 1
0 1633241 2
0 1633241 1
0 1633660 1
0 1633660 1
0 1633660 1
0 1633660 1
0 1636521 1
0 1636521 21
0 1636521 1
0 1636613 1
0 1636676 24
0 1636676 8
0 1641015 1
0 1641015 1
0 1641015 1
0 1641015 5
0 1641015 1
0 1641015 2
0 1641015 1
0 1641236 28
0 1641236 2
0 1644219 976
0 1646269 2
0 1646269 2
0 1647210 1
0 1647241 1
0 1647241 1
0 1647241 1
0 1647241 1
0 1647241 168
0 1647241 2
0 1647241 14
0 1647241 2
0 1647693 1
0 1649934 1
0 1649934 3
0 1649934 13
0 1649934 1
0 1650090 2
0 1650090 1
0 1650090 3
0 1650090 2
0 1650090 24
0 1650090 1
0 1650090 39
0 1650388 1
0 1650388 68
0 1650388 1
0 1650883 1
0 1650883 9
0 1650883 3
0 1650883 5
0 1650883 1
0 1650883 3
0 1650883 1
0 1652167 1
0 1652167 2
0 1652167 2
0 1652167 1
0 1653534 2
0 1653534 1
0 1653844 1
0 1653844 3
0 1653844 1
0 1655068 1
0 1655068 7
0 1661599 1
0 1661599 1
0 1661599 1
0 1662955 1
0 1662955 1
0 1662955 1
0 1663196 3
0 1663196 2
0 1663196 28
0 1663196 19
0 1670903 1
0 1670903 1
0 1670903 1
0 1670903 1
0 1670903 1
0 1674145 1
0 1674145 1
0 1676598 1
0 1676598 1
0 1676598 5
0 1678479 1
0 1678479 1
0 1678479 1
0 1682149 1
0 1682149 2
0 1686444 1
0 1691260 1
0 1692440 1
0 1692440 1
0 1692440 1
0 1694271 7
0 1694271 3
0 1694271 1
0 1694271 7
0 1694271 869
0 1694412 3
0 1694412 1
0 1697451 1
0 1697451 1
0 1697451 1
0 1697455 1
0 1699095 4
0 1699095 7
0 1699095 1
0 1699194 3
0 1699194 1
0 1699194 1
0 1699194 1
0 1701540 7
0 1701540 1
0 1701540 1
0 1702531 1
0 1704785 2
0 1706582 1
0 1706582 1
0 1706857 8
0 1706857 1
0 1707742 4
0 1707742 1
0 1707742 1
0 1707742 2
0 1707742 1
0 1707742 1
0 1708785 1
0 1708785 16
0 1711048 1
0 1711048 1
0 1715219 1
0 1715500 1
0 1715500 1
0 1717491 5
0 1729253 21
0 1729966 1
0 1729966 1
0 1729966 1
0 1729966 1
0 1729966 1
0 1734503 10
0 1734665 4
0 1739323 1
0 1739323 1
0 1739323 11
0 1739323 3
0 1739323 1
0 1740257 3
0 1740257 1
0 1740257 3
0 1740257 1
0 1740257 3
0 1742715 1
0 1742715 1
0 1742715 129
0 1742715 3
0 1742715 35
0 1745143 2
0 1745143 3
0 1745143 75
0 1745143 6
0 1747139 1
0 1747139 9
0 1747303 1
0 1747303 6
0 1747303 2
0 1748994 2
0 1748994 18
0 1748994 2
0 1749222 1
0 1749222 1
0 1749222 1
0 1749222 1
0 1755640 1
0 1755640 1
0 1757267 8
0 1761035 1
0 1761035 1
0 1761035 1
0 1761035 1
0 1761638 1
0 1761638 8
0 1761638 2
0 1761638 2
0 1762306 7
0 1762306 2
0 1762306 1
0 1762306 1
0 1769491 1
0 1769491 5
0 1769491 1
0 1769491 3
0 1769491 1
0 1769788 1
0 1769788 1
0 1769788 1
0 1770817 1
0 1770817 13
0 1770817 24
0 1770817 285
0 1771314 1
0 1771314 8
0 1771314 2
0 1771915 12
0 1771915 2
0 1771915 3
0 1771915 6
0 1771915 1
0 1771915 3
0 1771915 676
0 1771915 1
0 1771915 3
0 1774457 1
0 1774457 2
0 1774457 17
0 1774457 15
0 1775221 4
0 1775221 1
0 1775221 1
0 1780214 5
0 1780214 6
0 1781329 2
0 1781329 1
0 1783781 87
0 1783781 1
0 1783781 1
0 1783781 4
0 1783781 3
0 1783781 1
0 1784859 1
0 1784859 1
0 1784859 13
0 1785783 5
0 1785783 7
0 1787119 1
0 1787119 1
0 1787119 1
0 1787119 1
0 1787744 2
0 1787744 24
0 1790015 1
0 1790015 2
0 1790015 1
0 1790015 2
0 1790015 2
0 1796227 1
0 1796227 3
0 1796227 2
0 1796498 3
0 1796498 2
0 1799173 2
0 1799173 1
0 1799173 1
0 1799173 1
0 1800412 1
0 1800412 2
0 1800412 3
0 1800412 24
0 1800710 2
0 1800710 1
0 1800710 3
0 1800710 8
0 1805213 1
0 1805213 4
0 1819513 1
0 1819513 5
0 1819513 3
0 1819513 3
0 1821969 1
0 1821969 1
0 1821969 20
0 1821969 5
0 1821969 9
0 1823148 1
0 1823148 1
0 1823148 13
0 1825236 4
0 1825236 1
0 1825236 2
0 1825236 2
0 1827364 4
0 1827403 1
0 1827403 1
0 1827403 1
0 1827403 1
0 1827403 1
0 1827403 1
0 1827403 4
0 1827403 1
0 1827403 6
0 1830540 1
0 1830540 5
0 1832005 5
0 1832768 1
0 1832768 2
0 1833489 5
0 1833489 1
0 1836066 1
0 1836066 1
0 1838393 3
0 1838393 1
0 1839508 18
0 1839508 1
0 1839508 194
0 1842923 16
0 1842923 1
0 1845693 2
0 1845693 3
0 1845693 1
0 1845693 1
0 1847527 8
0 1847527 10
0 1851176 11
0 1851176 76
0 1851176 1
0 1851176 6
0 1851450 1
0 1851450 2
0 1851497 2
0 1851497 6
0 1851497 2
0 1856965 1
0 1856965 1
0 1856965 4
0 1856965 1
0 1860389 5
0 1860389 1
0 1865966 1
0 1865966 16
0 1865966 1
0 1865966 1
0 1867923 952
0 1867923 1
0 1867923 1
0 1868624 1
0 1868624 1
0 1868624 1
0 1868624 66
0 1868624 3
0 1869659 1
0 1869659 32
0 1869659 9
0 1872291 1
0 1874082 5
0 1874082 24
0 1874082 1
0 1876014 2
0 1876014 2
0 1876014 2
0 1878265 1
0 1878265 1
0 1878265 1
0 1878265 2
0 1878423 1
0 1879423 2
0 1879423 1
0 1881092 1
0 1884634 1
0 1886972 3
0 1886972 25
0 1886972 1
0 1889598 157
0 1893215 1
0 1893215 1
0 1893215 2
0 1893215 1
0 1893215 1
0 1893215 1
0 1893684 1
0 1893684 1
0 1896726 4
0 1903263 2
0 1903263 5
0 1903263 15
0 1907997 1
0 1907997 1
0 1907997 22
0 1907997 1
0 1909546 11
0 1909546 1
0 1911052 1
0 1911052 1
0 1911052 124
0 1911052 1
0 1911052 1
0 1915105 1
0 1915105 1
0 1915105 1
0 1915105 1
0 1915105 1
0 1915105 3
0 1915105 1
0 1915309 6
0 1915309 1
0 1915309 1
0 1920377 1
0 1920377 1
0 1920377 1
0 1920770 1
0 1920770 1
0 1920770 1
0 1928658 1
0 1928658 15
0 1928658 1
0 1931158 1
0 1931158 1
0 1931158 1
0 1931158 1
0 1931158 1
0 1932616 8
0 1932616 1
0 1932897 1
0 1932897 1
0 1934420 1
0 1934420 228
0 1934420 8
0 1934420 1
0 1934420 4
0 1940181 903
0 1940181 6
0 1940181 9
0 1940181 2
0 1940181 3
0 1940181 1
0 1942374 1
0 1942374 1
0 1942374 1
0 1942374 1
0 1943741 1
0 1943741 1
0 1943741 5
0 1944588 11
0 1944588 2
0 1944807 2
0 1944807 1
0 1944807 1
0 1944807 1
0 1947293 3
0 1947293 5
0 1949498 1
0 1949498 3
0 1952093 1
0 1952093 3
0 1952738 1
0 1952738 1
0 1952738 2
0 1952738 1
0 1956414 1
0 1956414 2
0 1957116 2
0 1957116 1
0 1959153 2
0 1959153 1
0 1959153 1
0 1959153 6
0 1961624 1
0 1961624 1
0 1961624 85
0 1965258 3
0 1965258 1
0 1965258 1
0 1965258 2
0 1965492 1
0 1965492 18
0 1965492 1
0 1965492 1
0 1967021 1
0 1967021 2
0 1969684 1
0 1969684 6
0 1970819 14
0 1970819 1
0 1977056 6
0 1977056 7
0 1978372 8
0 1978372 1
0 1978372 13
0 1983835 1
0 1984644 24
0 1984644 2
0 1984644 3
0 1984644 1
0 1984644 1
0 1984644 272
0 1988195 1
0 1988195 4
0 1993323 3
0 1993323 1
0 1993323 1
0 1999488 1
0 1999488 1
1 0 2
1 0 56
1 0 1
1 0 1
1 0 1
1 0 1
1 0 1
1 0 1
1 0 1
1 0 2
1 0 1
1 0 1
1 0 1
1 0 1
1 0 1
1 0 1
1 0 3
1 0 1
1 0 3
1 0 2
1 1770 1
1 1770 6
1 1770 4
1 1770 1
1 1770 1
1 1770 5
1 1770 1
1 1770 1
1 1770 1
1 6744 1
1 6744 1
1 14222 1
1 14222 1
1 14222 1
1 14222 1
1 14222 1
1 19570 1
1 19570 1
1 19570 1
1 19570 2
1 21250 4
1 21250 1
1 21645 1
1 21645 1
1 21645 2
1 22008 1
1 22008 1
1 22369 1
1 22369 1
1 22369 1
1 22369 1
1 22369 1
1 22369 3
1 26406 1
1 26406 1
1 26406 1
1 26406 1
1 26406 1
1 26406 1
1 26406 1
1 26406 3
1 27034 2
1 27034 2
1 27034 2
1 29169 1
1 29169 1
1 29169 1
1 30058 1
1 30951 1
1 30951 1
1 35646 2
1 35646 1
1 35646 1
1 35646 1
1 35646 1
1 35646 1
1 40805 4
1 40805 25
1 41211 1
1 41211 1
1 41211 1
1 41211 1
1 41211 1
1 41211 4
1 42696 1
1 42930 1
1 42930 1
1 42930 1
1 42930 2
1 42930 1
1 42930 1
1 42930 4
1 44757 1
1 44757 8
1 44757 3
1 51014 1
1 51571 4
1 51720 1
1 51720 1
1 51720 4
1 51720 6
1 51720 1
1 52364 2
1 52364 85
1 52364 2
1 53853 1
1 53853 1
1 53853 3
1 53853 17
1 53853 1
1 53853 1
1 55435 2
1 55435 1
1 55719 1
1 55719 3
1 55719 2
1 56728 3
1 56728 1
1 56728 2
1 61629 4
1 61629 1
1 61629 1
1 63023 1
1 63023 1
1 63023 1
1 63023 2
1 63936 4
1 63936 1
1 63936 1
1 64092 20
1 64092 1
1 64092 1
1 64680 1
1 64680 1
1 64680 5
1 64680 1
1 69378 2
1 69378 1
1 69378 1
1 69378 1
1 69378 1
1 71614 1
1 71614 1
1 71614 40
1 71614 1
1 71614 2
1 71614 2
1 71614 2
1 71614 2
1 71614 2
1 72543 1
1 72543 9
1 72543 2
1 74129 3
1 74129 6
1 74607 1
1 74607 34
1 74607 7
1 79276 2
1 82209 35
1 82209 6
1 82230 1
1 82230 1
1 82654 1
1 82654 1
1 83187 1
1 83187 3
1 83187 2
1 86498 1
1 88900 1
1 88900 1
1 89186 1
1 89186 1
1 89186 1
1 89186 1
1 89186 1
1 89186 1
1 89186 6
1 92000 3
1 92000 193
1 92000 4
1 96533 75
1 96533 1
1 96533 1
1 96533 1
1 97688 1
1 97688 4
1 102268 1
1 102268 1
1 102393 5
1 102393 1
1 102393 1
1 102491 1
1 102491 1
1 102491 1
1 102491 1
1 102491 1
1 103646 1
1 103646 2
1 103646 1
1 103646 1
1 104496 4
1 104496 6
1 106788 1
1 106788 1
1 106788 1
1 106788 1
1 106788 1
1 107348 1
1 108692 4
1 108692 2
1 110534 1
1 110534 15
1 110534 1
1 113002 40
1 113002 1
1 115552 17
1 115552 1
1 115552 4
1 116749 1
1 116749 1
1 117587 1
1 117587 1
1 117587 1
1 117587 1
1 117843 3
1 117843 2
1 117843 1
1 118881 1
1 118881 1
1 118881 1
1 118881 1
1 119190 4
1 119190 6
1 119190 1
1 119511 1
1 119511 4
1 119511 79
1 119511 1
1 119511 3
1 121888 1
1 121888 1
1 124199 1
1 124199 1
1 124199 1
1 124343 3
1 124343 1
1 124343 3
1 124343 1
1 124343 2
1 128842 2
1 128842 1
1 128842 1
1 128842 1
1 128842 1
1 128842 1
1 128842 1
1 128842 1
1 128842 8
1 129861 1
1 129861 2
1 132522 3
1 133678 1
1 133678 1
1 133678 1
1 138770 1
1 138770 1
1 138770 1
1 139601 3
1 139601 1
1 139601 1
1 139601 1
1 140731 1
1 140731 1
1 140731 2
1 141805 3
1 141805 1
1 141805 1
1 141934 1
1 141934 1
1 141934 1
1 142254 3
1 143377 1
1 143377 1
1 143377 1
1 146064 1
1 146064 1
1 147933 1
1 147933 6
1 148343 1
1 148343 1
1 148343 1
1 153741 1
1 153741 1
1 153741 1
1 156571 1
1 156571 1
1 156571 1
1 156571 1
1 157236 2
1 157236 2
1 157236 9
1 157236 1
1 157586 1
1 157586 8
1 157586 1
1 159161 1
1 159161 2
1 159161 221
1 159161 4
1 161112 1
1 161112 1
1 161112 4
1 164535 2
1 164535 1
1 164535 169
1 164535 1
1 164535 1
1 164836 1
1 164836 10
1 164836 1
1 164836 4
1 166422 1
1 166422 1
1 166422 1
1 166422 1
1 166432 1
1 166432 2
1 166654 1
1 172056 1
1 172056 1
1 172163 2
1 172163 2
1 172163 13
1 172163 2
1 173030 1
1 173030 25
1 173256 1
1 173256 1
1 173256 1
1 173256 1
1 177383 1
1 177383 3
1 177570 1
1 177570 1
1 177570 1
1 181649 1
1 181649 1
1 182258 1
1 182258 1
1 182943 1
1 182943 3
1 182943 1
1 182943 1
1 184952 2
1 184952 2
1 193168 2
1 193168 2
1 193269 1
1 193269 1
1 193269 3
1 193269 1
1 195143 1
1 195143 7
1 203259 1
1 203259 3
1 203259 2
1 203259 1
1 209666 1
1 209666 7
1 209666 9
1 209666 1
1 209666 1
1 209666 2
1 211545 1
1 211545 1
1 211545 1
1 214324 1
1 214324 18
1 214324 2
1 214324 3
1 214324 2
1 214324 1
1 215472 2
1 215472 1
1 215472 1
1 215472 1
1 215472 2
1 217027 1
1 223720 1
1 223720 1
1 223720 2
1 227776 9
1 231123 1
1 231123 1
1 231123 1
1 233886 19
1 233886 1
1 239543 4
1 239543 1
1 240379 1
1 240379 1
1 240456 1
1 240456 4
1 240456 2
1 240456 287
1 240456 1
1 240456 11
1 241889 1
1 241889 1
1 243299 1
1 243299 1
1 243299 6
1 244169 7
1 244169 6
1 244169 9
1 244169 41
1 252560 1
1 252560 1
1 262812 1
1 262812 1
1 262812 1
1 264783 1
1 265308 3
1 265308 100
1 265308 7
1 266761 1
1 266761 2
1 266761 3
1 266882 1
1 266933 3
1 266933 19
1 266933 1
1 268283 1
1 268283 1
1 268490 1
1 270339 1
1 270339 2
1 270339 4
1 270339 1
1 270339 1
1 270339 3
1 270686 1
1 270686 7
1 270686 3
1 270686 13
1 270686 4
1 270686 153
1 270686 1
1 270686 1
1 271848 1
1 271848 1
1 271848 1
1 271848 3
1 272687 2
1 272687 1
1 272687 4
1 272687 1
1 272687 1
1 272687 5
1 274408 2
1 275220 15
1 275930 1
1 275930 1
1 275930 2
1 275930 2
1 277815 1
1 277815 2
1 279881 2
1 279881 1
1 279881 1
1 279881 1
1 279881 3
1 279881 1
1 279881 1
1 282508 4
1 282508 2
1 282912 1
1 282912 1
1 282912 3
1 289475 1
1 289475 1
1 289475 1
1 292095 1
1 292095 1
1 292457 1
1 292457 1
1 292457 104
1 294268 1
1 294592 1
1 294689 89
1 294689 1
1 294689 1
1 294689 2
1 294689 1
1 294689 1
1 294689 1
1 295538 1
1 295538 9
1 298347 1
1 298347 1
1 300996 5
1 300996 1
1 300996 1
1 301006 1
1 301006 1
1 301006 273
1 305429 12
1 305429 1
1 305429 1
1 307672 1
1 307672 3
1 307672 1
1 307672 1
1 307672 13
1 315131 1
1 315131 1
1 316054 1
1 316054 1
1 316054 1
1 316054 4
1 317456 1
1 317456 1
1 317456 3
1 319683 1
1 319683 4
1 319683 2
1 319683 1
1 320061 1
1 320061 1
1 320061 1
1 320061 2
1 320268 50
1 321980 7
1 322271 1
1 326080 1
1 326080 1
1 326080 1
1 326092 1
1 326092 1
1 326092 1
1 326242 1
1 326242 6
1 326242 1
1 326242 1
1 326242 1
1 326371 1
1 326371 1
1 327032 4
1 327032 1
1 327032 1
1 327032 2
1 327032 1
1 327032 1
1 327032 2
1 327713 1
1 327713 1
1 327713 1
1 327713 1
1 327713 1
1 327713 2
1 328092 1
1 328092 1
1 330765 1
1 330765 2
1 330765 5
1 330765 2
1 332434 1
1 332434 23
1 333247 1
1 333247 6
1 333247 1
1 333247 1
1 333247 3
1 333310 1
1 333310 1
1 333310 17
1 333310 1
1 336709 4
1 336709 1
1 336709 29
1 336709 3
1 336709 3
1 339269 1
1 339269 1
1 339269 1
1 339269 1
1 339269 1
1 339269 64
1 339269 4
1 339269 4
1 339269 1
1 344156 1
1 344901 1
1 344901 1
1 356408 1
1 356408 1
1 356408 3
1 356408 85
1 356705 1
1 356705 1
1 356705 1
1 356705 1
1 356705 1
1 358061 3
1 358061 1
1 358061 2
1 358459 1
1 358459 2
1 360119 1
1 360119 2
1 360119 1
1 364662 3
1 364662 1
1 364662 3
1 364662 1
1 364662 38
1 365281 1
1 365281 3
1 365281 1
1 365281 2
1 369726 2
1 369726 2
1 369726 1
1 369726 1
1 369726 2
1 369726 1
1 369726 23
1 369726 1
1 369726 1
1 374606 1
1 374606 1
1 374606 1
1 374606 1
1 374606 2
1 374606 2
1 374606 11
1 378709 1
1 378709 8
1 382193 1
1 382193 1
1 382193 2
1 382193 1
1 382193 1
1 390994 1
1 390994 4
1 391960 1
1 392027 1
1 392027 13
1 395584 1
1 395584 1
1 395584 1
1 399344 1
1 400363 1
1 401392 6
1 401392 107
1 401392 435
1 414224 2
1 417380 3
1 417380 1
1 417380 1
1 417380 1
1 417380 1
1 420974 1
1 420974 9
1 420974 3
1 422584 1
1 422584 3
1 422584 1
1 428361 4
1 428361 1
1 432711 1
1 432711 1
1 432711 6
1 432711 1
1 432711 1
1 432711 1
1 433160 1
1 433160 6
1 433160 1
1 435332 1
1 435332 3
1 435332 1
1 435332 5
1 435458 1
1 435458 1
1 438517 1
1 439179 3
1 439179 85
1 439179 2
1 439179 1
1 443696 2
1 443696 5
1 447603 1
1 447603 8
1 450374 2
1 450374 2
1 451667 1
1 451667 8
1 451789 1
1 451789 2
1 451789 1
1 451789 1
1 451789 1
1 451789 1
1 451789 1
1 453105 1
1 453105 6
1 453105 1
1 453105 1
1 453105 2
1 455137 26
1 455137 4
1 455137 1
1 455137 1
1 455137 5
1 455137 3
1 455137 10
1 455137 1
1 457456 1
1 458273 1
1 458273 1
1 458273 1
1 458273 1
1 458281 1
1 458281 1
1 458281 3
1 458281 1
1 458281 1
1 465433 11
1 465433 2
1 465433 4
1 465433 1
1 465433 1
1 465697 5
1 465697 1
1 465697 1
1 465697 2
1 465697 6
1 467508 1
1 468849 1
1 468849 1
1 468849 1
1 469843 2
1 469843 1
1 469843 1
1 469843 1
1 469843 1
1 469843 4
1 469843 1
1 469843 1
1 472961 1
1 472961 1
1 472961 1
1 473851 1
1 473851 1
1 474690 2
1 474690 3
1 474690 1
1 474690 2
1 475950 1
1 476100 5
1 476100 1
1 476100 1
1 476188 40
1 476188 1
1 476188 1
1 479757 2
1 479757 1
1 479757 1
1 479757 1
1 481192 9
1 481192 10
1 481192 1
1 481192 10
1 481192 1
1 481192 2
1 481572 4
1 481572 9
1 481572 1
1 481851 3
1 481851 1
1 481851 1
1 485230 1
1 485230 1
1 485230 3
1 485230 1
1 485271 1
1 485271 13
1 488851 1
1 488851 1
1 488923 2
1 488923 1
1 490383 1
1 490383 1
1 490383 3
1 490383 19
1 490989 1
1 490989 1
1 490989 3
1 490989 1
1 490989 1
1 493011 1
1 493011 1
1 493011 5
1 498102 1
1 498102 1
1 498303 1
1 498303 1
1 500389 1
1 500389 1
1 500389 1
1 500617 2
1 500617 4
1 500617 1
1 500617 1
1 500617 2
1 500617 1
1 500617 1
1 500617 2
1 500617 4
1 500667 1
1 500667 7
1 500667 5
1 500667 1
1 500667 5
1 500667 1
1 504220 1
1 504220 1
1 504220 3
1 509858 1
1 509858 2
1 509858 1
1 509858 1
1 510139 1
1 510139 3
1 510139 1
1 510139 1
1 510139 1
1 510139 1
1 510502 1
1 514250 1
1 514250 2
1 514574 1
1 514574 1
1 514574 2
1 514574 4
1 514574 1
1 516231 1
1 516231 1
1 517911 1
1 517911 1
1 517911 1
1 521082 1
1 521082 1
1 521082 1
1 521082 6
1 521082 1
1 521200 1
1 521200 1
1 521200 6
1 521200 1
1 521200 2
1 521200 1
1 521200 2
1 521200 1
1 522919 14
1 522919 4
1 522919 1
1 522919 1
1 528801 3
1 528801 1
1 528801 1
1 528801 2
1 528801 1
1 533262 1
1 533771 54
1 534757 2
1 534757 4
1 536039 1
1 536039 1
1 536039 1
1 541058 8
1 541058 1
1 541058 1
1 541058 1
1 541058 4
1 547525 1
1 547525 1
1 548429 1
1 548429 2
1 548429 1
1 548867 2
1 548867 1
1 549732 1
1 549732 1
1 549732 2
1 549732 1
1 549732 29
1 550407 1
1 550407 1
1 550407 1
1 551951 3
1 553380 1
1 555099 1
1 555099 2
1 555202 7
1 555202 13
1 555202 11
1 555883 1
1 555883 1
1 555883 2
1 555883 4
1 555883 1
1 557052 1
1 557052 1
1 557052 1
1 559676 1
1 559676 2
1 559676 1
1 559676 1
1 559676 2
1 561884 1
1 561884 1
1 561884 1
1 561884 1
1 563470 1
1 563470 70
1 564230 1
1 566086 1
1 566086 1
1 566086 1
1 566242 3
1 566242 85
1 567403 1
1 567403 1
1 567773 1
1 570752 1
1 570752 1
1 570752 1
1 571539 1
1 571539 1
1 571782 1
1 571782 1
1 573524 11
1 573524 1
1 573524 2
1 573524 2
1 573524 1
1 573949 1
1 573949 1
1 573949 1
1 573949 2
1 573949 1
1 573949 1
1 573949 1
1 574540 7
1 574540 1
1 574540 26
1 577745 1
1 577745 1
1 579153 2
1 579153 2
1 579153 2
1 579961 1
1 579961 1
1 579961 1
1 580336 1
1 580336 1
1 580336 1
1 583688 1
1 583688 1
1 583688 3
1 583688 2
1 585470 1
1 585470 1
1 585470 1
1 585470 1
1 585470 1
1 585470 2
1 595250 100
1 595250 1
1 595250 1
1 595250 1
1 595250 1
1 600789 1
1 600789 1
1 600789 1
1 600991 1
1 600991 1
1 600991 2
1 600991 1
1 600991 1
1 600991 1
1 601768 1
1 601768 1
1 603140 1
1 605235 4
1 606158 3
1 606158 3
1 606158 1
1 606158 1
1 607494 1
1 607682 1
1 607682 1
1 607682 1
1 608501 1
1 608501 1
1 608501 1
1 608501 1
1 608501 1
1 608945 2
1 608945 1
1 608945 21
1 608945 1
1 608945 1
1 608945 2
1 608945 90
1 613217 1
1 613217 1
1 626338 2
1 626400 1
1 626400 1
1 626400 3
1 626400 2
1 626742 1
1 626742 1
1 626742 1
1 633071 2
1 633071 36
1 633071 245
1 633071 86
1 633071 146
1 633658 6
1 633658 10
1 633658 1
1 637792 2
1 637792 100
1 637792 1
1 638318 1
1 638318 1
1 641187 1
1 641187 1
1 641187 1
1 641187 3
1 641187 1
1 641478 1
1 641478 1
1 641478 1
1 641478 1
1 641478 1
1 641478 2
1 642545 1
1 642545 1
1 644781 1
1 645657 1
1 645657 1
1 647676 1
1 649576 1
1 649576 1
1 651196 10
1 651196 1
1 651196 2
1 651196 3
1 651196 1
1 652514 1
1 652514 1
1 652514 1
1 652514 2
1 658085 1
1 658085 3
1 658085 1
1 658085 1
1 659242 1
1 659242 1
1 659242 1
1 663567 2
1 663567 2
1 663567 1
1 665326 1
1 665326 1
1 665326 1
1 670195 1
1 670195 1
1 670195 1
1 670195 1
1 670195 1
1 670195 1
1 670195 4
1 670195 3
1 670195 390
1 674398 3
1 674398 1
1 675353 1
1 675353 7
1 675353 1
1 675353 2
1 675353 1
1 675367 1
1 675367 1
1 675367 3
1 676001 1
1 676001 2
1 676001 1
1 676001 4
1 676001 1
1 676001 1
1 676001 5
1 676001 1
1 676001 2
1 682928 21
1 682928 1
1 682928 3
1 682928 1
1 685565 3
1 685565 2
1 685565 1
1 685565 1
1 687123 4
1 687123 2
1 688573 2
1 688573 2
1 688648 2
1 688648 1
1 689417 1
1 689417 1
1 689417 1
1 689417 1
1 689417 1
1 689417 14
1 689417 2
1 692680 18
1 692680 1
1 692723 1
1 692723 2
1 692723 1
1 692723 1
1 692833 1
1 692833 1
1 692833 1
1 692833 1
1 692833 2
1 693430 2
1 693430 2
1 693430 1
1 693430 1
1 693446 2
1 693446 1
1 693446 5
1 693446 1
1 693446 1
1 693446 1
1 694483 1
1 694483 12
1 694741 1
1 694741 4
1 694741 1
1 694741 1
1 696733 4
1 696733 3
1 696733 1
1 696733 1
1 699085 1
1 699085 1
1 699267 5
1 699267 7
1 699267 6
1 700046 1
1 700046 4
1 700427 1
1 701871 1
1 702333 3
1 702333 58
1 702333 1
1 702333 1
1 705631 1
1 705631 1
1 705631 100
1 705631 1
1 705631 1
1 706199 9
1 706199 1
1 706199 1
1 706908 38
1 706908 9
1 707102 2
1 707102 1
1 710965 2
1 710965 1
1 710965 1
1 713138 3
1 713138 2
1 713138 1
1 713138 1
1 713138 7
1 713138 1
1 716300 1
1 716300 1
1 716300 1
1 716300 1
1 716841 1
1 716841 2
1 716841 2
1 716841 11
1 716841 3
1 718963 2
1 718963 12
1 723406 1
1 723406 1
1 724412 1
1 724412 1
1 724412 1
1 724412 1
1 725044 1
1 725044 1
1 725044 1
1 725044 1
1 725044 1
1 725044 1
1 727966 1
1 727966 2
1 727966 1
1 728212 2
1 728212 618
1 730421 2
1 730743 1
1 730743 1
1 733600 2
1 733600 2
1 733600 1
1 735521 2
1 735521 6
1 737915 1
1 737915 1
1 737915 3
1 738334 1
1 738334 1
1 738334 1
1 738334 6
1 738334 1
1 739350 1
1 739350 1
1 739350 1
1 747766 1
1 747766 1
1 747766 9
1 747766 1
1 749063 3
1 749063 10
1 753240 1
1 753240 1
1 754972 1
1 754972 1
1 754972 1
1 756643 9
1 762155 1
1 762155 2
1 766821 1
1 766821 1
1 766821 2
1 766821 1
1 767132 1
1 767132 1
1 767346 1
1 767346 1
1 767346 1
1 767346 1
1 769100 1
1 769100 1
1 769100 1
1 770008 3
1 772381 1
1 772381 111
1 772840 2
1 772840 1
1 772840 1
1 775095 11
1 777793 3
1 779233 2
1 779233 1
1 780318 1
1 780318 1
1 780318 1
1 781436 1
1 781436 4
1 781537 1
1 781537 21
1 782330 1
1 782330 8
1 783053 1
1 784134 3
1 784134 1
1 784134 1
1 784134 1
1 784134 1
1 788162 2
1 788162 2
1 788162 1
1 788162 1
1 790958 8
1 790958 10
1 790958 1
1 790958 1
1 790958 1
1 790958 1
1 798786 4
1 798786 1
1 798786 17
1 798942 1
1 798942 1
1 802445 1
1 802445 1
1 802445 1
1 802445 1
1 802445 1
1 802445 1
1 808419 2
1 810254 1
1 810254 4
1 810254 4
1 813579 1
1 813579 1
1 813579 1
1 816151 2
1 816357 2
1 816357 2
1 816357 2
1 816357 1
1 816357 3
1 817422 3
1 817422 2
1 817422 1
1 817422 1
1 818003 4
1 818003 10
1 818532 6
1 818532 4
1 823778 1
1 823778 6
1 829039 2
1 829039 1
1 835872 8
1 835872 1
1 838719 1
1 839704 1
1 839704 1
1 839704 1
1 839704 96
1 839704 1
1 840966 1
1 840966 9
1 840966 1
1 840966 1
1 840966 1
1 840966 2
1 843726 1
1 843726 1
1 843726 1
1 843726 1
1 846648 1
1 846648 2
1 846648 2
1 846648 1
1 850645 8
1 850645 3
1 850645 1
1 853337 1
1 853337 1
1 858795 1
1 858795 1
1 858795 1
1 860315 44
1 860315 9
1 860315 75
1 860315 3
1 860315 1
1 860541 1
1 860541 4
1 860602 1
1 860602 2
1 860602 18
1 860602 3
1 860602 1
1 862086 4
1 866511 1
1 866511 1
1 866511 1
1 873577 3
1 873577 1
1 875396 1
1 875396 1
1 875396 1
1 877702 1
1 879434 1
1 879779 4
1 879779 2
1 879938 1
1 879938 5
1 879938 1
1 879938 1
1 879938 1
1 883889 1
1 884826 1
1 884826 2
1 884826 16
1 886488 1
1 886488 1
1 886514 1
1 886514 1
1 886514 1
1 887282 1
1 887282 1
1 888553 1
1 888569 1
1 888569 1
1 888569 1
1 888635 1
1 888635 1
1 888635 1
1 888635 1
1 889437 1
1 889437 1
1 889437 1
1 889437 11
1 890003 9
1 890003 5
1 890003 1
1 890141 1
1 890141 2
1 890141 1
1 890141 1
1 890141 4
1 890141 2
1 890141 3
1 893486 1
1 893486 4
1 893486 1
1 895069 1
1 895069 2
1 895069 1
1 895470 13
1 895470 12
1 895470 7
1 898988 2
1 898988 2
1 908347 1
1 908347 1
1 908347 15
1 908347 1
1 909232 2
1 909232 1
1 909232 2
1 909232 50
1 912872 1
1 912872 1
1 912872 3
1 914657 1
1 914657 2
1 914657 1
1 915316 1
1 915316 1
1 915316 25
1 915316 4
1 918583 11
1 918583 13
1 918583 2
1 918583 1
1 931965 2
1 931992 4
1 931992 1
1 931992 1
1 932679 1
1 932679 1
1 932679 1
1 932679 122
1 936314 1
1 936314 1
1 936314 1
1 936314 1
1 936314 1
1 936314 1
1 936314 1
1 943424 1
1 943424 1
1 943424 1
1 943424 1
1 943424 4
1 943424 1
1 945307 1
1 949124 1
1 949124 3
1 949124 4
1 949124 3
1 949124 1
1 949124 72
1 953655 43
1 953655 26
1 953655 25
1 955352 2
1 955352 1
1 955352 1
1 955352 1
1 955352 7
1 955352 1
1 955352 2
1 955532 1
1 955532 2
1 958719 1
1 958719 1
1 958719 4
1 967004 2
1 967004 1
1 967322 3
1 967322 1
1 967322 1
1 967322 1
1 967322 3
1 968969 15
1 968969 5
1 968969 2
1 968969 2
1 968969 1
1 968969 9
1 969032 24
1 969032 8
1 969032 2
1 969032 2
1 969887 1
1 969887 1
1 969887 1
1 969887 2
1 969887 1
1 969887 3
1 975745 1
1 975745 227
1 977249 1
1 977249 1
1 977249 1
1 981716 3
1 981716 1
1 981716 23
1 981716 1
1 981716 1
1 981716 4
1 983628 1
1 985792 1
1 985792 1
1 985792 1
1 986694 3
1 986694 1
1 986694 4
1 986694 13
1 987437 1
1 987437 1
1 987437 1
1 987437 2
1 987472 1
1 987472 1
1 987472 3
1 988258 1
1 988258 4
1 988258 4
1 988258 6
1 988258 1
1 988258 2
1 988258 85
1 989536 1
1 989536 1
1 989536 3
1 989592 12
1 989592 1
1 991634 1
1 991634 43
1 991634 26
1 991634 25
1 991634 6
1 994633 1
1 994633 1
1 995877 3
1 995877 2
1 995877 1
1 997078 1
1 997078 4
1 1000640 1
1 1000640 1
1 1001152 4
1 1001152 2
1 1001152 63
1 1001152 1
1 1002529 10
1 1002529 1
1 1004400 9
1 1004400 1
1 1008867 1
1 1009338 1
1 1009338 1
1 1009338 1
1 1009338 1
1 1009338 1
1 1012273 1
1 1012273 1
1 1012273 1
1 1012273 2
1 1012273 1
1 1012273 1
1 1012273 1
1 1013407 1
1 1013407 2
1 1015961 40
1 1015961 1
1 1018880 1
1 1018880 1
1 1018880 1
1 1018880 1
1 1019371 1
1 1022622 1
1 1022622 1
1 1023908 1
1 1023908 1
1 1023908 1
1 1023908 1
1 1023908 10
1 1023908 1
1 1025624 1
1 1025624 8
1 1027184 1
1 1028243 1
1 1028620 1
1 1033208 1
1 1033208 1
1 1041837 1
1 1041837 2
1 1041837 1
1 1041837 6
1 1041837 1
1 1044180 2
1 1044180 2
1 1044180 7
1 1044180 1
1 1046035 20
1 1048398 1
1 1048398 2
1 1048398 3
1 1048398 1
1 1048398 4
1 1050342 1
1 1051076 1
1 1051076 1
1 1052322 1
1 1052322 26
1 1052322 1
1 1052322 1
1 1055229 1
1 1055229 4
1 1055229 1
1 1055878 1
1 1055878 1
1 1055878 1
1 1058875 1
1 1058875 1
1 1058875 11
1 1058875 1
1 1058875 5
1 1061938 1
1 1061938 1
1 1061938 1
1 1061938 1
1 1062958 1
1 1062958 1
1 1065847 33
1 1065847 1
1 1066236 5
1 1066236 1
1 1066266 1
1 1071194 3
1 1071194 1
1 1071194 1
1 1072518 1
1 1072518 5
1 1072518 3
1 1072518 1
1 1075079 10
1 1075079 85
1 1075079 130
1 1075079 3
1 1075079 1
1 1075481 1
1 1075481 1
1 1075481 2
1 1075481 33
1 1076565 1
1 1076565 1
1 1077289 153
1 1077289 1
1 1077289 1
1 1077289 1
1 1080021 3
1 1080021 4
1 1085291 1
1 1085291 1
1 1085765 1
1 1087958 1
1 1087958 1
1 1092103 4
1 1092103 1
1 1092186 1
1 1092186 1
1 1092186 1
1 1092186 1
1 1092186 1
1 1092830 1
1 1092830 9
1 1092830 1
1 1093068 1
1 1093068 1
1 1093266 1
1 1093266 2
1 1093266 1
1 1094151 2
1 1094151 1
1 1094151 1
1 1094151 1
1 1094151 1
1 1095422 13
1 1098149 1
1 1098149 1
1 1098149 1
1 1098255 3
1 1098255 1
1 1099905 11
1 1099905 1
1 1099905 1
1 1099905 1
1 1099905 1
1 1105182 1
1 1105182 1
1 1105182 1
1 1109807 10
1 1109807 2
1 1109807 1
1 1109807 1
1 1109807 27
1 1111497 1
1 1111497 2
1 1111497 1
1 1113620 1
1 1113620 1
1 1113620 24
1 1113620 1
1 1113620 6
1 1113620 1
1 1115771 1
1 1115771 1
1 1115771 110
1 1118256 11
1 1118803 1
1 1118803 1
1 1118803 8
1 1119803 1
1 1119803 1
1 1119803 1
1 1119803 1
1 1119803 1
1 1119803 6
1 1120682 3
1 1120682 1
1 1120682 1
1 1128911 1
1 1128911 4
1 1128911 11
1 1128911 35
1 1128911 5
1 1131519 1
1 1131519 3
1 1131519 1
1 1131519 1
1 1131519 1
1 1134407 1
1 1134407 2
1 1134407 1
1 1134407 1
1 1134407 1
1 1134407 1
1 1135391 1
1 1135391 2
1 1135391 1
1 1135755 1
1 1135755 1
1 1135755 1
1 1135755 1
1 1135755 1
1 1135755 2
1 1137552 1
1 1137552 4
1 1137607 1
1 1137607 1
1 1138461 41
1 1138461 1
1 1138461 3
1 1138461 1
1 1139437 1
1 1139437 15
1 1139437 15
1 1139437 1
1 1139437 2
1 1139437 2
1 1141631 5
1 1141631 7
1 1141631 6
1 1143301 1
1 1143301 8
1 1143301 3
1 1143301 1
1 1144023 2
1 1144023 3
1 1144023 1
1 1145958 1
1 1147530 5
1 1150254 1
1 1150254 1
1 1150254 1
1 1150254 5
1 1150596 4
1 1150596 5
1 1151512 1
1 1151512 1
1 1152032 1
1 1152032 1
1 1152032 1
1 1153101 1
1 1153101 1
1 1153101 3
1 1153101 1
1 1154007 1
1 1154007 1
1 1154007 5
1 1154007 1
1 1154152 1
1 1154152 1
1 1154152 2
1 1159744 1
1 1159744 1
1 1159744 1
1 1159744 1
1 1161842 6
1 1161842 25
1 1164227 2
1 1164227 1
1 1164227 1
1 1164227 1
1 1167275 1
1 1167275 1
1 1167275 2
1 1167275 5
1 1167393 1
1 1167393 40
1 1167393 1
1 1169660 5
1 1169660 2
1 1169660 1
1 1169660 1
1 1169660 1
1 1173773 1
1 1173773 1
1 1173773 2
1 1174528 1
1 1174528 8
1 1174528 1
1 1174528 1
1 1176523 7
1 1176523 1
1 1176523 138
1 1176523 1
1 1177697 1
1 1177697 1
1 1178411 2
1 1178411 1
1 1178411 1
1 1178411 15
1 1180432 12
1 1180432 1
1 1180432 10
1 1180432 6
1 1180432 1
1 1180520 1
1 1180520 5
1 1180520 1
1 1180520 1
1 1183141 1
1 1183141 104
1 1183141 1
1 1192005 2
1 1192005 13
1 1192005 9
1 1192005 1
1 1192205 1
1 1192205 1
1 1192205 1
1 1192427 1
1 1192427 10
1 1192427 1
1 1194257 1
1 1194257 1
1 1195936 3
1 1198468 3
1 1203902 1
1 1203902 5
1 1203902 1
1 1204194 8
1 1206305 1
1 1206305 1
1 1206305 1
1 1206305 3
1 1208211 13
1 1208211 3
1 1208211 1
1 1208211 4
1 1209342 1
1 1209342 1
1 1209342 1
1 1209342 10
1 1210060 1
1 1210060 1
1 1210060 1
1 1210060 1
1 1210220 1
1 1210220 1
1 1210220 1
1 1210220 5
1 1211174 1
1 1211174 1
1 1211174 4
1 1211174 4
1 1213405 22
1 1218665 1
1 1218665 1
1 1218665 1
1 1218665 2
1 1218665 1
1 1218665 2
1 1219823 1
1 1219823 1
1 1219823 1
1 1219823 1
1 1219823 3
1 1219823 2
1 1219823 3
1 1219823 1
1 1219901 1
1 1219901 1
1 1219901 1
1 1228742 1
1 1228742 473
1 1228742 1
1 1230575 1
1 1231560 1
1 1232116 1
1 1232116 1
1 1232116 1
1 1232116 1
1 1232116 1
1 1232116 2
1 1232116 1
1 1232116 3
1 1232489 1
1 1232489 1
1 1232489 4
1 1232489 1
1 1232489 1
1 1232489 2
1 1234857 1
1 1235426 5
1 1235426 1
1 1235426 2
1 1240575 1
1 1240575 1
1 1240575 1
1 1240575 1
1 1241237 551
1 1241237 1
1 1241237 3
1 1241244 1
1 1241244 1
1 1242151 2
1 1242151 3
1 1243373 37
1 1243373 1
1 1243373 3
1 1243373 2
1 1243509 1
1 1243509 7
1 1243509 1
1 1243509 2
1 1245324 3
1 1245324 1
1 1251210 9
1 1251210 425
1 1251210 9
1 1251374 1
1 1259426 1
1 1262158 4
1 1262158 1
1 1262158 1
1 1262158 1
1 1262158 2
1 1262158 1
1 1262158 10
1 1265165 1
1 1267877 2
1 1267877 1
1 1268728 1
1 1269538 13
1 1269538 31
1 1269538 2
1 1269538 2
1 1269538 1
1 1269886 1
1 1269886 1
1 1272945 1
1 1272945 1
1 1275866 1
1 1275866 3
1 1275866 4
1 1277385 1
1 1277385 1
1 1279729 10
1 1279729 8
1 1279729 2
1 1285899 1
1 1285899 6
1 1285899 1
1 1285899 1
1 1285899 1
1 1286383 14
1 1286383 3
1 1286383 1
1 1286383 14
1 1290114 1
1 1290114 1
1 1290114 21
1 1290114 8
1 1290392 259
1 1292880 1
1 1292880 1
1 1292880 1
1 1292880 2
1 1292880 3
1 1295406 12
1 1295406 1
1 1296699 1
1 1296699 1
1 1296699 1
1 1298805 2
1 1299968 1
1 1300156 1
1 1300156 1
1 1307057 1
1 1308330 1
1 1308330 1
1 1308404 1
1 1308404 21
1 1308404 1
1 1308833 1
1 1308833 3
1 1311942 105
1 1311942 2
1 1313965 1
1 1314842 1
1 1314842 1
1 1314842 2
1 1315263 1
1 1315263 1
1 1315263 1
1 1316130 1
1 1316130 1
1 1316130 15
1 1319161 1
1 1319161 1
1 1319161 1
1 1319161 1
1 1320398 3
1 1320398 1
1 1320398 1
1 1320398 1
1 1320398 1
1 1322115 1
1 1322115 1
1 1322115 3
1 1323738 48
1 1323738 1
1 1323738 1
1 1323738 1
1 1323852 1
1 1325440 1
1 1325440 1
1 1328255 1
1 1328255 16
1 1328255 1
1 1330956 1
1 1332782 17
1 1335015 2
1 1335015 1
1 1335015 2
1 1335015 1
1 1341836 1
1 1341836 1
1 1342276 1
1 1342276 1
1 1342405 1
1 1342405 6
1 1342405 6
1 1342405 5
1 1342544 1
1 1342544 2
1 1345531 1
1 1346196 1
1 1346196 1
1 1346196 1
1 1346196 1
1 1346196 2
1 1347251 2
1 1347251 1
1 1348633 3
1 1348633 17
1 1348633 1
1 1348633 1
1 1349611 1
1 1349611 5
1 1349611 1
1 1352086 2
1 1352850 1
1 1352850 9
1 1353849 1
1 1353849 1
1 1353849 1
1 1353849 1
1 1358574 1
1 1358574 1
1 1359317 3
1 1359317 1
1 1359317 1
1 1359317 1
1 1359317 2
1 1359317 1
1 1360239 1
1 1360239 1
1 1360239 2
1 1360239 1
1 1360239 1
1 1367708 3
1 1367708 1
1 1367708 1
1 1367708 28
1 1367708 2
1 1368881 1
1 1368881 1
1 1372306 2
1 1372306 1
1 1372589 1
1 1372589 5
1 1372589 1
1 1372589 1
1 1375425 1
1 1375686 1
1 1375686 3
1 1375686 1
1 1375686 1
1 1375970 1
1 1375970 7
1 1375970 1
1 1380042 1
1 1380042 1
1 1380042 1
1 1380042 1
1 1380042 1
1 1381167 1
1 1381167 10
1 1382897 1
1 1382897 3
1 1382897 1
1 1389965 1
1 1389965 1
1 1389965 1
1 1391630 84
1 1391986 1
1 1395199 9
1 1395199 1
1 1395199 1
1 1395199 3
1 1395364 1
1 1395364 1
1 1395364 1
1 1395364 1
1 1395364 1
1 1398554 2
1 1398554 1
1 1398554 1
1 1398728 1
1 1398728 1
1 1398728 1
1 1399181 2
1 1399181 1
1 1399181 3
1 1401171 1
1 1401171 2
1 1401171 1
1 1401171 1
1 1401823 38
1 1401823 1
1 1401823 1
1 1403816 1
1 1403816 4
1 1403816 4
1 1403816 153
1 1403816 1
1 1406724 9
1 1406724 41
1 1409482 1
1 1409482 2
1 1409482 1
1 1409482 3
1 1410109 1
1 1410109 2
1 1410109 1
1 1410728 17
1 1411442 1
1 1411442 1
1 1411442 7
1 1411442 1
1 1414354 41
1 1414354 1
1 1416038 2
1 1416038 1
1 1416038 6
1 1419929 2
1 1421996 172
1 1421996 1
1 1428002 1
1 1428002 1
1 1428002 1
1 1428002 4
1 1428619 1
1 1428619 1
1 1428619 8
1 1428619 1
1 1428619 1
1 1428619 1
1 1432363 247
1 1432363 1
1 1432363 3
1 1436171 1
1 1437435 1
1 1437435 1
1 1437435 3
1 1437435 1
1 1438347 6
1 1438347 15
1 1438347 1
1 1438347 5
1 1444601 2
1 1444601 3
1 1446180 1
1 1448587 1
1 1448587 7
1 1448587 1
1 1448712 2
1 1448712 30
1 1450115 1
1 1450115 18
1 1450115 1
1 1450115 3
1 1450115 1
1 1451742 1
1 1451742 1
1 1454257 2
1 1454257 1
1 1455001 1
1 1455001 1
1 1455001 1
1 1455001 1
1 1456044 1
1 1456044 1
1 1456044 4
1 1459227 1
1 1459227 1
1 1465234 1
1 1465234 1
1 1465234 1
1 1465234 1
1 1465234 1
1 1465234 3
1 1465234 1
1 1465234 1
1 1469492 1
1 1469492 3
1 1469492 2
1 1477214 1
1 1477214 1
1 1477214 1
1 1477214 7
1 1478730 9
1 1478730 4
1 1484114 1
1 1484114 2
1 1486713 1
1 1486713 1
1 1489114 1
1 1493577 1
1 1503313 1
1 1503313 1
1 1503313 1
1 1504144 1
1 1504144 1
1 1509781 1
1 1509781 2
1 1509781 1
1 1509781 1
1 1509781 2
1 1509781 4
1 1509781 1
1 1509781 1
1 1509948 1
1 1509948 2
1 1509948 16
1 1513782 1
1 1513782 1
1 1517129 2
1 1517129 1
1 1517129 1
1 1517129 15
1 1517545 1
1 1517545 4
1 1517545 4
1 1517545 1
1 1518260 26
1 1518260 17
1 1518260 1
1 1518926 1
1 1518926 5
1 1518926 3
1 1518926 1
1 1524090 4
1 1524090 4
1 1524090 1
1 1524090 6
1 1528041 1
1 1528041 1
1 1528041 1
1 1529554 1
1 1529554 1
1 1531550 50
1 1531550 27
1 1531550 1
1 1531550 2
1 1531550 8
1 1531550 2
1 1531550 2
1 1531550 2
1 1533026 1
1 1533026 1
1 1534644 12
1 1537129 9
1 1537129 2
1 1537129 1
1 1537129 1
1 1537129 1
1 1540722 1
1 1540722 1
1 1540722 1
1 1540722 1
1 1542100 1
1 1543532 21
1 1543532 3
1 1543532 1
1 1544486 7
1 1544486 1
1 1544486 1
1 1544486 5
1 1549525 1
1 1549525 35
1 1549525 1
1 1549525 3
1 1549638 2
1 1550172 1
1 1550943 13
1 1550943 2
1 1550943 1
1 1551081 2
1 1551081 1
1 1554023 6
1 1554023 1
1 1554023 17
1 1554582 1
1 1554582 1
1 1554582 1
1 1554717 1
1 1554717 3
1 1554717 3
1 1556484 1
1 1556484 1
1 1556484 2
1 1556484 1
1 1557742 1
1 1559205 4
1 1559205 2
1 1559488 6
1 1563545 4
1 1563545 1
1 1565968 1
1 1570444 3
1 1570444 1
1 1570568 2
1 1570568 1
1 1570568 1
1 1577556 1
1 1577556 1
1 1578203 2
1 1578203 5
1 1580771 2
1 1580771 17
1 1582535 1
1 1582535 1
1 1582980 1
1 1582980 1
1 1582980 1
1 1585971 1
1 1585971 1
1 1585971 8
1 1586839 1
1 1586839 1
1 1588518 1
1 1588518 1
1 1588882 5
1 1588882 4
1 1588882 1
1 1588882 1
1 1588882 1
1 1590076 3
1 1590076 1
1 1590076 1
1 1596256 1
1 1596256 23
1 1596256 85
1 1598126 14
1 1598126 1
1 1598126 16
1 1598126 1
1 1598126 1
1 1598126 1
1 1598611 1
1 1607554 1
1 1607554 1
1 1607554 4
1 1607554 1
1 1607554 1
1 1611601 3
1 1611601 1
1 1611601 3
1 1611601 1
1 1611601 1
1 1619046 4
1 1620844 1
1 1620844 1
1 1620844 5
1 1632134 1
1 1632134 2
1 1632134 3
1 1632134 3
1 1632366 1
1 1632366 1
1 1632366 1
1 1634524 1
1 1634524 3
1 1634524 4
1 1634524 1
1 1635449 1
1 1635449 7
1 1638780 5
1 1638780 2
1 1638780 1
1 1638780 1
1 1639457 2
1 1640168 1
1 1640168 171
1 1640168 1
1 1641408 1
1 1642745 1
1 1642745 1
1 1642745 1
1 1642745 3
1 1642893 3
1 1643193 1
1 1643193 1
1 1645307 5
1 1645307 28
1 1645307 144
1 1645307 21
1 1648720 1
1 1648720 1
1 1648739 587
1 1648739 5
1 1648739 1
1 1648739 1
1 1649272 1
1 1649272 1
1 1649272 1
1 1649272 2
1 1651702 1
1 1651702 1
1 1651702 2
1 1653409 2
1 1653409 1
1 1660865 1
1 1664991 1
1 1664991 3
1 1664991 1
1 1664991 2
1 1666485 1
1 1666485 1
1 1666485 1
1 1668173 1
1 1668173 13
1 1668173 1
1 1668173 2
1 1672443 1
1 1672443 2
1 1672443 1
1 1672443 1
1 1674586 1
1 1680775 2
1 1680775 8
1 1681551 2
1 1681551 1
1 1681551 2
1 1681551 6
1 1684682 3
1 1684682 1
1 1684682 1
1 1687653 1
1 1687653 9
1 1687653 1
1 1688491 25
1 1688491 1
1 1688491 1
1 1695927 1
1 1695927 9
1 1696001 3
1 1696001 2
1 1696001 1
1 1696001 1
1 1696393 1
1 1696393 1
1 1696393 4
1 1699819 1
1 1699819 4
1 1699819 1
1 1699819 2
1 1701991 19
1 1701991 2
1 1702228 3
1 1702228 1
1 1702228 4
1 1706072 2
1 1706072 1
1 1710289 1
1 1710695 2
1 1710695 22
1 1710695 1
1 1716193 1
1 1716193 1
1 1716193 1
1 1716193 3
1 1719574 1
1 1719574 1
1 1722671 1
1 1722671 1
1 1722671 1
1 1722671 1
1 1722904 1
1 1724264 1
1 1724264 6
1 1724264 4
1 1724264 9
1 1726479 6
1 1726479 2
1 1726479 1
1 1726479 1
1 1726479 6
1 1726682 1
1 1726682 18
1 1728460 5
1 1728460 1
1 1728460 1
1 1728460 25
1 1728460 4
1 1731401 1
1 1731401 1
1 1731401 1
1 1731401 1
1 1731401 1
1 1731931 1
1 1731931 1
1 1731931 8
1 1738518 1
1 1738518 1
1 1738518 1
1 1738518 1
1 1739782 1
1 1739782 1
1 1739782 1
1 1739782 1
1 1739782 33
1 1739782 1
1 1739782 8
1 1739782 9
1 1741621 1
1 1741621 1
1 1741621 3
1 1741621 1
1 1741621 1
1 1742010 1
1 1742010 3
1 1742010 2
1 1742010 1
1 1743044 1
1 1743044 25
1 1743717 1
1 1743717 1
1 1744040 3
1 1744040 1
1 1744040 23
1 1744460 1
1 1744460 1
1 1744460 1
1 1744937 1
1 1744937 3
1 1744937 2
1 1744937 1
1 1750042 2
1 1750042 1
1 1750597 2
1 1750597 2
1 1750597 1
1 1750597 1
1 1750597 1
1 1750736 2
1 1751224 1
1 1751444 8
1 1751444 34
1 1753293 1
1 1757063 2
1 1757063 1
1 1760024 4
1 1760024 3
1 1760024 1
1 1760024 1
1 1760024 3
1 1760024 4
1 1761022 1
1 1761022 1
1 1761022 1
1 1761022 1
1 1762912 2
1 1762912 3
1 1762912 3
1 1764124 1
1 1764124 1
1 1765391 1
1 1768049 1
1 1768049 15
1 1768049 1
1 1768049 1
1 1768049 44
1 1769957 1
1 1769957 2
1 1769957 1
1 1770085 23
1 1770085 7
1 1770085 5
1 1770085 1
1 1774804 3
1 1774804 2
1 1780762 1
1 1780762 1
1 1782615 1
1 1782615 19
1 1782932 3
1 1782932 13
1 1782932 4
1 1782932 153
1 1783165 3
1 1783165 2
1 1783560 2
1 1783560 10
1 1783560 1
1 1783560 21
1 1783560 1
1 1783850 1
1 1783850 1
1 1787866 1
1 1787866 1
1 1787866 1
1 1787866 9
1 1787866 15
1 1788453 1
1 1790051 2
1 1790051 1
1 1790051 1
1 1796259 85
1 1796259 1
1 1796259 1
1 1796685 4
1 1796685 1
1 1798627 3
1 1798627 1
1 1806799 1
1 1806799 4
1 1808451 1
1 1808451 6
1 1809744 1
1 1809744 1
1 1809744 1
1 1809744 1
1 1809744 1
1 1812805 1
1 1812805 1
1 1812805 61
1 1812993 2
1 1815776 40
1 1815776 1
1 1815776 1
1 1815833 1
1 1816354 9
1 1816354 1
1 1816354 1
1 1820543 7
1 1821089 6
1 1821089 12
1 1821089 3
1 1824351 1
1 1824351 1
1 1824351 1
1 1826659 1
1 1826659 1
1 1826659 2
1 1828892 1
1 1828892 1
1 1828892 61
1 1829381 38
1 1829381 1
1 1829381 1
1 1829488 1
1 1833023 3
1 1833023 123
1 1833023 1
1 1833023 1
1 1833883 2
1 1833883 1
1 1834188 1
1 1834188 2
1 1834188 5
1 1834188 1
1 1835522 13
1 1835522 2
1 1835522 1
1 1835522 2
1 1838932 31
1 1838932 1
1 1838932 33
1 1838932 46
1 1839046 105
1 1839046 2
1 1839046 2
1 1839046 7
1 1839204 1
1 1839204 1
1 1839204 1
1 1839204 9
1 1839420 751
1 1839420 1
1 1839686 1
1 1839686 2
1 1841584 1
1 1845135 1
1 1845135 1
1 1845135 1
1 1847230 1
1 1847230 1
1 1847230 1
1 1847230 1
1 1847987 3
1 1847987 1
1 1847987 1
1 1847987 1
1 1847987 1
1 1851087 4
1 1851087 2
1 1851087 1
1 1851087 1
1 1851087 1
1 1852106 7
1 1852106 12
1 1852106 11
1 1852307 2
1 1852307 1
1 1852307 1
1 1852716 1
1 1852716 1
1 1853934 2
1 1853934 1
1 1853934 1
1 1858849 4
1 1858849 3
1 1858849 1
1 1859074 2
1 1859683 5
1 1859683 1
1 1859683 3
1 1861308 1
1 1861308 1
1 1861308 15
1 1861308 5
1 1861308 1
1 1861996 1
1 1861996 1
1 1861996 1
1 1861996 1
1 1861996 4
1 1861996 4
1 1861996 1
1 1861996 1
1 1862807 3
1 1862807 8
1 1862807 848
1 1862807 4
1 1866216 51
1 1867220 1
1 1869388 1
1 1869388 1
1 1869388 1
1 1869388 1
1 1869388 1
1 1871026 1
1 1871581 1
1 1871581 1
1 1871581 1
1 1871581 1
1 1872427 1
1 1872427 1
1 1872427 1
1 1872427 2
1 1874318 2
1 1874318 1
1 1874318 6
1 1874318 1
1 1874318 2
1 1878722 1
1 1878722 1
1 1880246 5
1 1880246 1
1 1880246 1
1 1880246 3
1 1880246 1
1 1885038 2
1 1885038 1
1 1885038 1
1 1885038 1
1 1890719 1
1 1890719 2
1 1890719 1
1 1890719 1
1 1890719 1
1 1890719 2
1 1895152 1
1 1895152 1
1 1895152 2
1 1895152 2
1 1895152 1
1 1901808 1
1 1901808 1
1 1901808 4
1 1901808 8
1 1906432 2
1 1906432 1
1 1906432 7
1 1906432 1
1 1906847 1
1 1906847 1
1 1906847 1
1 1909773 1
1 1909773 1
1 1912260 5
1 1912260 1
1 1912260 1
1 1912260 1
1 1919998 2
1 1919998 1
1 1924669 1
1 1924704 2
1 1924704 1
1 1924704 3
1 1924704 1
1 1925396 1
1 1925396 2
1 1925396 1
1 1925396 1
1 1925396 1
1 1925396 1
1 1927815 1
1 1927815 7
1 1927885 1
1 1927885 9
1 1927885 3
1 1927885 2
1 1927885 1
1 1928631 1
1 1929606 1
1 1929606 1
1 1929606 2
1 1929606 7
1 1929792 50
1 1929792 3
1 1929792 1
1 1929792 1
1 1929792 2
1 1929914 1
1 1931508 1
1 1931508 1
1 1931508 1
1 1931508 1
1 1931508 1
1 1931508 4
1 1931508 3
1 1932529 1
1 1932529 3
1 1932529 1
1 1933897 1
1 1934976 25
1 1934976 4
1 1934976 1
1 1934976 2
1 1935229 22
1 1935229 3
1 1935229 1
1 1935229 2
1 1941473 2
1 1941473 1
1 1941473 1
1 1941473 761
1 1947542 1
1 1947542 7
1 1947686 2
1 1947686 1
1 1947686 2
1 1947686 1
1 1951415 3
1 1951415 1
1 1951415 1
1 1951415 16
1 1951415 3
1 1951415 1
1 1951415 1
1 1953182 1
1 1953182 5
1 1955539 5
1 1955539 5
1 1955539 1
1 1955539 1
1 1955539 1
1 1955933 3
1 1955933 19
1 1963636 2
1 1963636 2
1 1965057 1
1 1965057 1
1 1966497 1
1 1966497 1
1 1966497 2
1 1966497 1
1 1966775 1
1 1966775 1
1 1966775 1
1 1966775 1
1 1966775 1
1 1969429 5
1 1969429 1
1 1969429 6
1 1969429 9
1 1969429 5
1 1970733 1
1 1970733 19
1 1973137 1
1 1973137 1
1 1973137 2
1 1973137 4
1 1973412 3
1 1982372 3
1 1982372 1
1 1982372 1
1 1989680 1
1 1989680 28
1 1989680 1
1 1990035 29
1 1990035 1
1 1990035 1
1 1990035 1
1 1990035 1
1 1999641 1
1 1999641 7
1 1999641 1
