user time word
0 0 3
0 0 17
0 0 8
0 0 1
0 0 19
0 0 1
0 0 3
0 0 2
0 0 1
0 0 4
0 0 4
0 0 27
0 0 1
0 0 401
0 0 1
0 0 1
0 0 1
0 0 395
0 0 1
0 0 2
0 2773 6
0 2773 1
0 3276 105
0 6644 1
0 6644 1
0 6644 1
0 9662 1
0 9662 1
0 9662 104
0 9662 8
0 9662 3
0 9799 8
0 9799 948
0 9799 1
0 10015 2
0 14863 18
0 15764 5
0 15764 8
0 15764 14
0 15764 4
0 15764 2
0 15764 3
0 19191 2
0 19191 5
0 19191 2
0 19191 2
0 19191 1
0 19191 2
0 23788 1
0 23788 674
0 23788 1
0 23788 3
0 23788 1
0 25208 1
0 25208 22
0 25208 145
0 25208 1
0 25648 1
0 25648 7
0 25648 9
0 25648 1
0 28185 1
0 28185 401
0 30483 2
0 30483 1
0 31908 169
0 31908 10
0 31908 105
0 33866 1
0 33866 1
0 35888 1
0 35888 10
0 35888 3
0 36665 18
0 36665 5
0 36665 1
0 36665 6
0 36747 3
0 36747 29
0 36747 1
0 37270 2
0 37270 3
0 37270 2
0 37270 34
0 41948 1
0 41948 10
0 41948 25
0 41948 1
0 42227 22
0 42227 1
0 42227 1
0 48303 2
0 48303 3
0 49958 1
0 49958 3
0 51344 1
0 51416 1
0 51416 145
0 55498 18
0 55498 2
0 55498 1
0 56755 2
0 56755 16
0 57496 3
0 57496 17
0 57496 1
0 57496 1
0 58805 92
0 58805 1
0 58805 2
0 58805 5
0 58805 8
0 62716 3
0 65681 1
0 65681 4
0 65681 1
0 65681 6
0 67049 1
0 67049 1
0 67049 2
0 67049 13
0 67049 5
0 67049 14
0 70536 5
0 70536 4
0 70536 3
0 70536 1
0 70551 167
0 70551 1
0 70551 2
0 70551 1
0 70551 4
0 70551 2
0 74422 5
0 74422 27
0 75805 22
0 75805 245
0 75805 2
0 75805 3
0 77345 1
0 80767 1
0 82757 9
0 83482 1
0 83482 91
0 83644 5
0 83644 6
0 83644 310
0 83644 2
0 88839 1
0 88839 29
0 88839 1
0 88839 221
0 88839 13
0 89474 3
0 89474 1
0 89474 3
0 90613 1
0 90613 395
0 90613 1
0 90613 2
0 90613 1
0 90613 3
0 96359 1
0 96359 2
0 96359 13
0 96359 5
0 96359 14
0 97694 5
0 97694 8
0 97694 1
0 97694 4
0 97694 1
0 98312 50
0 98312 1
0 98312 22
0 98312 145
0 98312 1
0 98312 44
0 99041 1
0 99041 6
0 99041 1
0 99041 3
0 99402 9
0 99402 6
0 99402 1
0 99402 434
0 100769 31
0 101820 17
0 101820 1
0 101820 4
0 101820 426
0 102727 2
0 104290 1
0 106955 24
0 106955 37
0 106955 1
0 113519 4
0 113519 4
0 113519 1
0 113519 33
0 118329 2
0 120000 3
0 120000 2
0 120000 34
0 120000 12
0 120000 4
0 122601 26
0 122601 2
0 126800 44
0 126800 5
0 126800 43
0 126800 1
0 126800 1
0 126984 19
0 126984 4
0 126984 12
0 126984 3
0 126984 2
0 130040 1
0 133812 2
0 133812 28
0 133812 1
0 142838 26
0 142838 19
0 145566 1
0 145566 1
0 145566 1
0 145566 2
0 145566 125
0 147461 1
0 147461 2
0 147461 10
0 147461 2
0 151648 1
0 151648 1
0 152061 1
0 152061 1
0 152061 8
0 159242 2
0 159286 2
0 159286 1
0 159286 1
0 159648 1
0 159648 6
0 161098 17
0 161098 3
0 161098 2
0 161225 2
0 161225 1
0 161872 1
0 161872 2
0 161872 1
0 161872 1
0 161872 2
0 161872 16
0 161872 1
0 161872 17
0 163734 33
0 163734 1
0 169385 2
0 171977 1
0 172208 3
0 172208 1
0 172208 2
0 175615 3
0 175615 5
0 175615 8
0 175615 15
0 175848 196
0 175848 1
0 175848 8
0 178055 20
0 178055 6
0 178055 2
0 178055 26
0 178055 2
0 178055 28
0 178614 7
0 178614 2
0 178614 2
0 181453 75
0 183603 1
0 183603 2
0 187740 221
0 187740 13
0 187740 1
0 187740 5
0 187740 1
0 191955 3
0 191955 2
0 191955 1
0 194417 106
0 194550 1
0 194550 1
0 194550 1
0 197790 4
0 197790 4
0 197790 3
0 200675 1
0 200675 4
0 200675 1
0 202584 3
0 203208 1
0 203208 9
0 203208 49
0 203208 1
0 204777 1
0 204777 3
0 204777 1
0 204777 167
0 206109 15
0 206109 1
0 209279 1
0 209279 2
0 214306 5
0 214306 1
0 214306 2
0 214306 1
0 220707 3
0 220707 3
0 220707 70
0 220707 500
0 222666 1
0 222666 1
0 222666 46
0 222666 1
0 222666 1
0 226562 2
0 226562 69
0 226562 1
0 226562 401
0 228938 3
0 228938 1
0 228938 1
0 228938 1
0 233035 2
0 233035 3
0 234715 44
0 234715 1
0 234715 2
0 234715 37
0 234715 7
0 235582 1
0 235582 1
0 235582 1
0 235709 1
0 235709 1
0 235709 2
0 235709 1
0 235709 8
0 237691 221
0 237691 13
0 237691 1
0 237691 5
0 237691 1
0 237691 6
0 237691 1
0 238605 1
0 238605 2
0 240494 1
0 240494 3
0 240494 77
0 242647 4
0 243677 1
0 243677 23
0 244075 1
0 244075 2
0 244545 5
0 247947 6
0 247947 40
0 247947 1
0 250077 1
0 250077 5
0 251158 5
0 251158 4
0 252061 5
0 252061 16
0 252061 2
0 254294 5
0 254294 14
0 254294 1
0 254294 10
0 255001 10
0 255001 5
0 257772 1
0 257772 5
0 266511 1
0 266511 2
0 266511 1
0 267727 1
0 267727 3
0 267727 1
0 267727 1
0 268288 1
0 268288 2
0 268288 1
0 268288 401
0 268288 1
0 268904 17
0 268904 97
0 268904 2
0 269763 1
0 269763 4
0 269763 1
0 269763 9
0 270728 1
0 270728 1
0 270728 18
0 271589 40
0 273335 1
0 273335 2
0 273335 1
0 273335 5
0 279909 11
0 279909 1
0 279909 3
0 279909 1
0 280079 1
0 280079 5
0 280919 31
0 280919 1
0 280919 2
0 280919 55
0 281234 3
0 281234 11
0 283129 6
0 283129 2
0 283129 1
0 284188 14
0 284188 19
0 286165 3
0 286165 2
0 286608 1
0 286608 1
0 286608 2
0 286608 125
0 286608 5
0 288155 2
0 288155 7
0 289289 4
0 289289 8
0 289289 3
0 293832 2
0 293832 57
0 293832 3
0 293832 98
0 294270 1
0 294270 1
0 294467 1
0 294467 1
0 297883 1
0 298259 145
0 298259 1
0 298259 44
0 298259 3
0 298259 2
0 299751 18
0 299919 1
0 299919 1
0 299919 1
0 299919 5
0 299919 1
0 300372 13
0 300372 5
0 300372 4
0 300372 18
0 300372 1
0 302587 2
0 302587 12
0 302587 1
0 302775 2
0 302775 11
0 302775 4
0 305699 1
0 305699 7
0 306260 2
0 306260 70
0 311559 1
0 311559 1
0 311559 1
0 311559 2
0 313178 1
0 313178 1
0 313178 401
0 313178 2
0 315293 8
0 315293 4
0 315293 7
0 315293 22
0 315293 1
0 315293 1
0 316575 1
0 316575 10
0 316575 2
0 316575 5
0 316575 1
0 318579 7
0 318579 5
0 318579 14
0 318579 4
0 321671 67
0 321671 2
0 321671 41
0 321671 1
0 322570 1
0 322570 1
0 322570 31
0 322570 1
0 324482 14
0 324482 5
0 324482 20
0 324482 2
0 326477 3
0 328725 3
0 329367 1
0 329367 1
0 329367 5
0 329367 2
0 333130 1
0 333130 1
0 333130 17
0 333130 1
0 334465 18
0 334465 5
0 334465 7
0 334465 1
0 336273 1
0 336958 3
0 336958 17
0 336958 1
0 336958 1
0 336958 1
0 341296 3
0 341296 61
0 341296 1
0 346776 5
0 347652 11
0 347652 13
0 347652 5
0 353049 2
0 354364 1
0 354364 4
0 354364 1
0 354364 2
0 359513 1
0 359513 3
0 359513 1
0 364837 1
0 364837 2
0 369480 81
0 369480 1
0 371371 19
0 371371 84
0 371371 27
0 371371 12
0 371371 6
0 371561 2
0 373527 6
0 373527 9
0 373527 14
0 373527 2
0 373527 1
0 373527 1
0 373527 2
0 375298 2
0 375298 28
0 375298 1
0 375298 13
0 380345 1
0 380345 2
0 380345 1
0 380476 1
0 380476 1
0 380476 1
0 380476 2
0 380476 1
0 380476 1
0 381676 4
0 381676 426
0 382020 3
0 382020 1
0 382020 3
0 383805 106
0 383805 1
0 383805 1
0 385941 1
0 385941 1
0 385941 59
0 387633 16
0 387633 1
0 387633 2
0 387633 10
0 389027 6
0 389027 5
0 389027 2
0 389027 3
0 391825 1
0 391825 1
0 391825 2
0 391825 1
0 391825 1
0 391825 13
0 391984 1
0 391984 11
0 391984 1
0 391984 1
0 392910 4
0 392910 4
0 399441 2
0 399441 2
0 399889 44
0 401226 11
0 405730 27
0 405730 1
0 408363 8
0 408363 13
0 408363 5
0 411625 8
0 411625 8
0 414441 2
0 414441 2
0 414441 1
0 414441 1
0 414441 96
0 414441 1
0 414441 1
0 416049 1
0 416049 42
0 416049 3
0 416049 5
0 416049 8
0 416049 15
0 420330 1
0 420330 1
0 420330 1
0 428218 1
0 432492 2
0 432492 5
0 432492 1
0 432492 2
0 432785 1
0 432785 659
0 432785 1
0 432785 2
0 432785 13
0 434659 1
0 436202 9
0 436202 1
0 436264 2
0 436264 1
0 437139 1
0 437139 1
0 437139 239
0 437139 4
0 437139 1
0 437970 11
0 437970 6
0 437970 2
0 437970 2
0 437970 2
0 438848 1
0 438848 4
0 438848 1
0 439073 2
0 439073 28
0 439073 1
0 439522 6
0 439522 1
0 442353 1
0 443646 1
0 443646 4
0 445256 1
0 445256 5
0 445256 1
0 445256 1
0 445256 6
0 445710 5
0 447069 1
0 448456 29
0 448456 3
0 450274 1
0 450274 1
0 451174 8
0 451174 1
0 451174 45
0 454384 1
0 454384 4
0 454384 3
0 454384 8
0 454528 1
0 454528 1
0 454528 1
0 454528 185
0 457694 7
0 461625 1
0 461625 7
0 461625 9
0 462219 401
0 462772 20
0 462772 2
0 462809 66
0 462809 1
0 462809 3
0 462809 1
0 462809 1
0 463155 1
0 463155 19
0 463155 1
0 463155 1
0 463157 1
0 463157 1
0 463157 1
0 463157 1
0 464382 134
0 464382 1
0 464382 557
0 464382 1
0 464382 16
0 464382 9
0 465460 1
0 465460 9
0 465460 2
0 465460 1
0 467602 1
0 467602 6
0 467787 3
0 467787 2
0 467787 4
0 468213 11
0 468213 1
0 471212 2
0 471212 1
0 471212 1
0 471212 1
0 471212 6
0 471212 70
0 475077 1
0 475077 1
0 475077 6
0 477045 1
0 477045 1
0 477268 1
0 477268 1
0 477948 6
0 477948 2
0 477948 5
0 477948 1
0 478103 3
0 478103 1
0 478103 3
0 478691 14
0 478691 1
0 478691 1
0 478691 6
0 479206 43
0 479206 1
0 479206 3
0 482136 2
0 482136 13
0 484868 4
0 484868 12
0 485272 19
0 485272 1
0 485272 1
0 485272 1
0 487156 207
0 487156 1
0 487156 4
0 487156 1
0 489059 1
0 489059 1
0 491364 2
0 491364 10
0 491364 32
0 491449 1
0 491449 2
0 491697 4
0 491697 1
0 491697 9
0 491697 1
0 491697 4
0 491697 1
0 492556 1
0 493856 1
0 493856 18
0 493856 919
0 493856 1
0 495609 1
0 495609 14
0 497498 5
0 497498 654
0 497498 1
0 501395 3
0 501395 2
0 501395 1
0 501395 3
0 501395 3
0 502159 6
0 502159 1
0 502159 3
0 502159 434
0 502159 3
0 502159 1
0 503769 2
0 505183 1
0 505183 3
0 505183 1
0 509424 3
0 509424 1
0 509424 11
0 509680 4
0 509680 9
0 509680 1
0 509680 22
0 511703 1
0 511703 23
0 511703 1
0 511703 7
0 511703 12
0 511703 1
0 511703 5
0 511703 1
0 511703 3
0 514007 1
0 514044 22
0 514044 1
0 514044 1
0 514044 1
0 514909 1
0 514909 1
0 519963 2
0 519963 1
0 519963 1
0 519963 2
0 523910 10
0 523910 6
0 523910 1
0 523910 1
0 523910 1
0 524948 1
0 524948 3
0 524948 242
0 524948 2
0 524948 1
0 528285 198
0 529698 3
0 529698 1
0 529698 10
0 529850 3
0 529850 4
0 529850 1
0 536093 5
0 536093 873
0 537553 2
0 537553 1
0 537900 11
0 537900 1
0 537900 1
0 537900 239
0 546426 1
0 546426 1
0 546426 2
0 547229 19
0 547229 10
0 547229 22
0 549233 9
0 549233 10
0 549233 5
0 549233 1
0 549233 1
0 549233 5
0 552728 1
0 552728 3
0 553936 5
0 553936 20
0 553936 2
0 553936 1
0 553936 1
0 554207 1
0 554207 5
0 555600 2
0 555600 1
0 558029 4
0 558029 1
0 558029 29
0 559466 4
0 559466 2
0 559466 1
0 559466 5
0 559941 1
0 559941 5
0 560938 3
0 560938 2
0 560938 3
0 561047 1
0 561047 1
0 561132 1
0 561132 1
0 565843 2
0 565843 75
0 565843 1
0 565843 2
0 565843 221
0 565843 13
0 565999 1
0 567261 760
0 567261 1
0 567261 1
0 567261 1
0 568702 1
0 568702 1
0 568702 2
0 568702 1
0 568702 1
0 568702 14
0 568702 2
0 574277 10
0 574922 2
0 574922 1
0 574922 1
0 575996 72
0 575996 2
0 578701 9
0 578701 32
0 579092 2
0 579092 2
0 579092 3
0 579289 3
0 579289 1
0 579289 9
0 582120 245
0 584680 198
0 584680 4
0 584680 39
0 584680 1
0 586509 3
0 586509 3
0 586509 1
0 586509 1
0 586587 2
0 586587 3
0 586587 6
0 586587 2
0 586914 346
0 586914 4
0 590917 41
0 590917 4
0 592064 1
0 592064 16
0 594790 1
0 594790 1
0 595512 23
0 595512 1
0 596629 1
0 596629 1
0 596629 3
0 596795 1
0 596795 1
0 596795 1
0 601995 2
0 601995 14
0 601995 1
0 601995 11
0 602823 5
0 602823 3
0 607973 1
0 607973 4
0 607973 1
0 610580 1
0 613399 1
0 613399 3
0 613399 5
0 613399 5
0 613399 19
0 613971 1
0 613971 3
0 614056 1
0 614056 1
0 614056 1
0 614056 16
0 614056 1
0 614056 1
0 614056 2
0 616487 1
0 616487 1
0 617942 2
0 617942 69
0 617942 1
0 617942 401
0 618453 6
0 618453 44
0 618453 2
0 618453 5
0 623255 1
0 623255 2
0 623255 1
0 623434 1
0 623434 1
0 623434 1
0 624029 8
0 624029 1
0 624029 13
0 624029 1
0 624403 11
0 624403 2
0 624403 1
0 624403 1
0 624403 1
0 624403 2
0 624403 1
0 626113 1
0 626113 2
0 630385 2
0 630385 1
0 630385 2
0 631223 1
0 631223 1
0 631223 188
0 631223 1
0 631996 1
0 631996 39
0 636380 1
0 636380 2
0 636380 5
0 636380 8
0 636380 2
0 638191 1
0 638191 2
0 638191 45
0 638191 1
0 640420 1
0 640420 1
0 640420 1
0 640420 1
0 640420 3
0 641747 1
0 641747 2
0 641747 1
0 644417 19
0 644611 6
0 644611 1
0 644611 1
0 648445 3
0 648902 2
0 648902 181
0 648902 1
0 652148 1
0 652148 1
0 653487 1
0 653487 198
0 653487 8
0 653508 1
0 653508 123
0 653508 303
0 653508 46
0 662318 1
0 662318 2
0 663974 1
0 663974 2
0 663974 871
0 666767 1
0 666767 2
0 667043 32
0 667043 11
0 668215 1
0 668215 1
0 669369 6
0 669369 1
0 669369 1
0 673846 1
0 673846 1
0 673846 2
0 674300 1
0 674300 2
0 674300 3
0 674376 11
0 674376 1
0 674376 3
0 674788 1
0 675786 1
0 675786 1
0 681927 25
0 681927 37
0 681927 2
0 681927 6
0 686685 5
0 686685 20
0 686685 14
0 686685 5
0 686685 4
0 686685 1
0 689203 6
0 689203 116
0 689203 1
0 692962 14
0 692962 19
0 693060 11
0 693060 1
0 693060 2
0 694679 8
0 694679 2
0 694679 5
0 694679 10
0 699149 1
0 699149 5
0 699149 1
0 699149 4
0 699149 3
0 699730 3
0 699730 1
0 699730 1
0 699730 9
0 699730 14
0 703079 12
0 703079 4
0 703079 2
0 711263 1
0 711263 1
0 711263 1
0 711263 1
0 711829 1
0 711829 1
0 711829 9
0 711829 8
0 714747 41
0 714747 5
0 714747 3
0 714747 12
0 716177 4
0 716177 1
0 716177 1
0 716177 1
0 716177 1
0 716177 41
0 718739 4
0 718739 2
0 718739 1
0 718739 5
0 721103 23
0 721103 3
0 721103 2
0 721103 2
0 725309 4
0 729512 1
0 729512 1
0 729512 1
0 731289 8
0 731289 4
0 733188 1
0 733188 35
0 733188 1
0 733188 1
0 737727 9
0 737727 6
0 737727 3
0 737727 1
0 737727 2
0 746895 10
0 746895 98
0 746895 1
0 746895 2
0 746895 19
0 746895 4
0 746895 2
0 746895 1
0 752017 1
0 752017 9
0 752017 103
0 756571 3
0 756571 4
0 761754 13
0 761754 1
0 762529 2
0 762529 4
0 762529 1
0 762529 2
0 768173 7
0 768173 13
0 768427 4
0 768987 1
0 768987 23
0 771765 6
0 771765 1
0 775790 1
0 775790 2
0 775790 1
0 775790 1
0 775790 18
0 779442 2
0 779442 10
0 779442 2
0 786003 1
0 786003 810
0 786003 1
0 786003 1
0 786003 28
0 786003 2
0 786003 1
0 786003 395
0 786003 1
0 786682 7
0 786682 20
0 786682 1
0 789565 19
0 789565 1
0 789565 1
0 790458 1
0 790458 1
0 790458 11
0 790458 1
0 790458 6
0 790602 3
0 790602 5
0 790602 1
0 790602 1
0 790602 5
0 790602 1
0 790602 18
0 796904 1
0 796904 8
0 796904 1
0 796904 8
0 796904 11
0 796904 3
0 796904 1
0 796904 1
0 797004 1
0 797004 4
0 797004 38
0 798274 5
0 798274 2
0 798274 2
0 798274 1
0 798274 2
0 799753 1
0 799753 7
0 802548 2
0 802548 23
0 802548 1
0 802782 6
0 802782 10
0 802782 1
0 802782 2
0 811635 50
0 811635 1
0 811635 16
0 811635 1
0 811784 1
0 811784 2
0 812601 22
0 812601 245
0 820565 1
0 820565 1
0 822073 6
0 822073 4
0 822073 1
0 822475 7
0 822475 1
0 822475 5
0 822475 1
0 823306 17
0 823306 3
0 823306 325
0 823306 4
0 825197 3
0 825197 23
0 825197 5
0 828490 1
0 828490 1
0 828490 2
0 828490 1
0 828490 9
0 828592 9
0 828592 1
0 828592 2
0 832507 1
0 832507 8
0 832507 2
0 834892 2
0 834892 1
0 838436 15
0 838436 2
0 838436 15
0 838436 1
0 841140 6
0 841140 12
0 841140 1
0 841140 1
0 841820 1
0 841820 150
0 841820 1
0 842797 3
0 842797 4
0 842797 13
0 842797 1
0 843412 1
0 843412 1
0 843412 1
0 843412 134
0 845091 3
0 848126 2
0 848126 1
0 849310 1
0 852989 1
0 852989 6
0 852989 1
0 852989 1
0 854471 1
0 854471 1
0 854471 7
0 855524 50
0 855524 2
0 858199 3
0 858199 3
0 858199 1
0 858199 3
0 858199 4
0 858299 14
0 858299 5
0 859160 2
0 859160 6
0 859160 10
0 859160 1
0 859160 11
0 863448 55
0 863448 2
0 864577 25
0 864577 1
0 864577 5
0 864577 4
0 864627 2
0 864627 1
0 864627 1
0 864627 1
0 865234 1
0 865234 1
0 865234 10
0 866329 1
0 866329 3
0 866329 2
0 866648 1
0 866648 9
0 866648 86
0 866648 1
0 867570 3
0 867570 3
0 867570 1
0 867920 1
0 867920 3
0 867920 17
0 868970 1
0 868970 10
0 868970 2
0 868970 5
0 868970 8
0 868970 5
0 868970 193
0 871373 8
0 871373 2
0 871373 1
0 872468 8
0 874749 2
0 874749 1
0 877881 1
0 879384 1
0 879384 26
0 881830 1
0 881830 2
0 881830 5
0 884839 7
0 884839 1
0 885296 1
0 885296 1
0 885296 1
0 885296 1
0 885296 42
0 886286 4
0 886286 1
0 886308 1
0 886308 3
0 886308 1
0 889291 1
0 889291 1
0 889291 1
0 889291 1
0 889291 8
0 889457 1
0 889457 1
0 889457 1
0 889457 6
0 891791 1
0 891791 3
0 893090 1
0 893090 1
0 893090 96
0 895821 1
0 895821 1
0 895821 92
0 895821 1
0 895821 20
0 895821 4
0 898064 1
0 902070 37
0 902070 1
0 902726 19
0 902726 1
0 902726 4
0 902726 3
0 903145 1
0 903145 2
0 904924 2
0 904924 6
0 904924 1
0 904924 1
0 907273 15
0 907273 2
0 907273 1
0 907273 4
0 907706 8
0 907706 15
0 909644 1
0 909644 3
0 909644 1
0 909644 3
0 909644 1
0 912174 4
0 912174 1
0 912174 1
0 912457 2
0 914204 1
0 914204 5
0 914204 1
0 914204 138
0 914204 1
0 916565 1
0 917104 1
0 917104 4
0 917104 9
0 917823 20
0 917823 12
0 917823 3
0 918039 14
0 918039 5
0 918039 4
0 918039 1
0 918039 1
0 918039 5
0 918039 1
0 920278 667
0 920278 1
0 920278 106
0 921645 24
0 921645 38
0 921645 13
0 926820 2
0 926820 4
0 926820 6
0 928492 1
0 928492 1
0 928492 6
0 931410 392
0 931410 11
0 931410 46
0 932561 1
0 932561 1
0 932561 1
0 932561 1
0 932561 1
0 934383 71
0 934383 2
0 936387 1
0 936387 3
0 936387 1
0 937106 1
0 937106 2
0 937106 1
0 937106 1
0 937106 2
0 937106 1
0 938070 5
0 938070 264
0 938070 50
0 938070 14
0 938070 6
0 938070 1
0 938539 1
0 938539 2
0 939034 7
0 939034 20
0 939034 1
0 939378 1
0 939378 1
0 939378 1
0 939378 1
0 939378 31
0 939740 3
0 939740 4
0 942347 707
0 949630 22
0 949630 2
0 949630 1
0 949630 1
0 949630 4
0 949630 1
0 956460 1
0 956460 2
0 956460 69
0 956460 1
0 956899 1
0 956899 113
0 956899 2
0 956899 1
0 958508 22
0 961578 1
0 961578 1
0 962701 3
0 962701 1
0 962701 1
0 970345 395
0 970345 1
0 970345 2
0 970345 2
0 970345 1
0 970345 1
0 973125 23
0 973125 3
0 973125 11
0 974766 4
0 974766 3
0 974766 1
0 974766 81
0 976161 1
0 976161 310
0 978978 2
0 978978 1
0 984623 86
0 984623 4
0 984623 2
0 985524 1
0 985524 13
0 985524 1
0 985524 1
0 985524 6
0 986791 1
0 986791 5
0 986791 2
0 986791 2
0 986791 2
0 986924 1
0 986924 13
0 992110 2
0 993609 2
0 993609 1
0 993609 1
0 993609 2
0 993609 77
0 993609 1
0 993682 10
0 996503 1
0 996503 4
0 996503 1
0 997371 2
0 997371 1
0 997371 3
0 1000935 2
0 1000935 1
0 1000935 10
0 1001602 6
0 1001602 606
0 1001602 16
0 1001602 1
0 1002330 1
0 1002330 1
0 1002330 1
0 1005906 2
0 1007297 10
0 1007297 163
0 1007297 378
0 1007297 1
0 1007297 1
0 1007382 1
0 1007382 1
0 1007382 1
0 1007382 1
0 1007382 149
0 1008750 1
0 1008750 133
0 1010334 1
0 1010334 29
0 1010334 1
0 1010334 221
0 1011644 21
0 1011644 1
0 1011644 1
0 1011644 2
0 1017091 1
0 1017091 2
0 1017091 1
0 1017091 1
0 1020205 1
0 1020205 77
0 1020205 1
0 1030757 1
0 1030757 50
0 1030757 1
0 1030757 7
0 1030757 114
0 1033656 1
0 1033656 39
0 1033656 5
0 1033666 2
0 1033666 98
0 1033666 1
0 1033708 1
0 1034495 49
0 1034495 6
0 1034495 71
0 1034495 1
0 1037180 1
0 1037180 1
0 1038043 1
0 1039698 1
0 1039698 1
0 1039698 1
0 1039698 2
0 1041900 5
0 1043019 1
0 1043019 3
0 1043019 1
0 1043019 1
0 1044953 1
0 1044953 1
0 1044953 1
0 1044953 5
0 1044953 2
0 1044953 1
0 1047706 4
0 1051289 1
0 1051289 1
0 1051289 95
0 1051289 9
0 1053804 1
0 1053804 5
0 1054497 2
0 1054497 2
0 1054497 2
0 1054497 2
0 1057598 2
0 1057598 1
0 1057598 1
0 1057598 5
0 1057598 1
0 1057598 1
0 1057618 7
0 1057618 1
0 1059144 1
0 1059144 1
0 1059144 6
0 1060343 579
0 1060343 12
0 1060343 1
0 1060343 128
0 1063758 1
0 1063758 1
0 1063758 104
0 1064305 2
0 1064305 13
0 1064305 5
0 1064305 1
0 1066240 269
0 1066240 56
0 1066240 2
0 1066240 7
0 1066240 25
0 1066240 1
0 1067263 1
0 1067263 1
0 1067263 1
0 1067364 2
0 1067364 3
0 1071062 2
0 1071062 1
0 1071062 7
0 1071062 5
0 1071190 1
0 1073948 1
0 1073948 2
0 1073948 3
0 1073948 11
0 1073948 191
0 1074856 8
0 1074856 35
0 1076323 1
0 1076323 4
0 1076323 26
0 1076323 1
0 1079490 1
0 1084935 1
0 1084935 2
0 1084935 2
0 1084935 1
0 1084935 2
0 1084935 1
0 1084935 1
0 1085822 1
0 1085822 4
0 1085822 426
0 1086316 2
0 1086316 5
0 1086316 1
0 1086316 10
0 1086316 10
0 1086316 1
0 1086316 1
0 1087826 5
0 1087826 1
0 1087826 16
0 1088074 5
0 1088597 8
0 1088597 5
0 1088597 193
0 1088597 2
0 1088739 2
0 1088739 1
0 1088739 4
0 1090058 1
0 1090471 1
0 1096581 1
0 1096581 11
0 1096700 3
0 1096700 1
0 1096700 1
0 1096920 4
0 1096920 1
0 1096920 3
0 1096920 1
0 1096920 9
0 1096920 10
0 1097760 6
0 1097760 6
0 1103943 2
0 1106872 1
0 1106872 11
0 1109616 9
0 1109853 1
0 1111488 1
0 1111488 1
0 1111488 6
0 1111488 1
0 1111488 1
0 1114415 3
0 1114649 2
0 1114649 1
0 1115728 1
0 1116707 2
0 1116707 3
0 1116707 2
0 1119518 34
0 1119518 2
0 1119518 1
0 1119518 1
0 1119518 5
0 1119518 1
0 1119750 1
0 1132241 25
0 1132241 1
0 1132241 4
0 1134185 1
0 1135296 2
0 1135296 1
0 1137030 1
0 1137030 8
0 1137030 2
0 1137030 4
0 1137030 1
0 1143310 6
0 1143310 1
0 1143310 28
0 1143540 1
0 1143540 254
0 1144050 102
0 1144050 2
0 1144050 3
0 1144050 21
0 1144502 1
0 1144502 1
0 1146681 1
0 1149068 9
0 1149068 6
0 1149068 1
0 1149403 3
0 1149403 1
0 1149403 3
0 1151040 1
0 1151040 12
0 1151040 1
0 1151040 3
0 1151040 2
0 1151040 1
0 1151815 2
0 1151815 1
0 1151815 3
0 1152278 7
0 1152278 1
0 1152278 1
0 1152278 1
0 1157290 42
0 1157290 1
0 1157290 1
0 1158906 1
0 1158906 16
0 1158906 1
0 1159757 6
0 1159757 1
0 1162901 1
0 1162901 3
0 1162901 1
0 1165803 3
0 1165803 3
0 1165803 1
0 1165803 31
0 1165803 2
0 1165803 2
0 1165997 2
0 1165997 1
0 1168423 2
0 1168423 2
0 1174949 20
0 1174949 14
0 1174949 5
0 1174949 4
0 1174949 1
0 1174949 1
0 1174949 5
0 1174949 1
0 1174949 3
0 1179547 1
0 1179547 2
0 1179547 3
0 1182054 2
0 1182054 1
0 1182054 3
0 1182054 12
0 1182054 1
0 1183390 5
0 1187717 1
0 1188169 37
0 1188169 1
0 1188169 1
0 1188169 5
0 1188547 51
0 1188547 6
0 1188547 5
0 1193249 5
0 1193249 5
0 1193249 1
0 1193249 1
0 1193249 2
0 1193249 7
0 1193423 5
0 1193423 58
0 1193835 1
0 1193835 1
0 1200628 2
0 1201957 1
0 1201957 20
0 1201957 1
0 1201957 7
0 1201957 2
0 1205852 1
0 1215597 1
0 1215597 1
0 1215597 1
0 1216550 2
0 1219766 3
0 1219766 3
0 1219766 1
0 1219766 2
0 1220410 1
0 1220505 1
0 1220505 2
0 1220505 1
0 1220505 32
0 1220505 857
0 1220505 2
0 1226055 1
0 1226055 1
0 1226055 1
0 1226055 30
0 1226055 81
0 1226055 1
0 1226055 53
0 1229535 3
0 1229535 1
0 1229535 2
0 1229535 10
0 1237637 1
0 1237637 3
0 1237637 2
0 1245437 1
0 1245437 22
0 1245914 1
0 1245914 2
0 1245914 3
0 1245914 16
0 1250646 16
0 1250646 2
0 1250646 1
0 1250646 1
0 1250646 29
0 1254995 1
0 1254995 1
0 1254995 1
0 1255300 1
0 1255300 1
0 1255300 2
0 1256559 1
0 1257933 11
0 1257933 1
0 1257933 1
0 1260500 2
0 1260500 13
0 1260500 1
0 1260500 1
0 1260500 1
0 1260500 2
0 1260500 4
0 1260500 2
0 1260500 1
0 1262604 1
0 1262604 1
0 1262604 4
0 1263552 4
0 1265117 1
0 1265117 3
0 1265117 146
0 1265117 45
0 1265824 1
0 1265824 12
0 1266551 1
0 1266551 1
0 1266551 2
0 1267235 1
0 1267245 1
0 1267245 1
0 1267245 9
0 1267245 2
0 1269275 1
0 1269275 2
0 1269275 101
0 1269275 59
0 1269275 5
0 1270812 2
0 1270812 1
0 1270812 7
0 1270812 1
0 1275966 25
0 1275966 1
0 1275966 4
0 1276581 311
0 1276581 4
0 1276581 15
0 1276772 2
0 1278744 3
0 1278744 3
0 1278744 1
0 1278744 4
0 1280361 69
0 1280361 4
0 1280361 1
0 1280803 174
0 1280803 190
0 1281643 1
0 1281643 1
0 1281643 24
0 1281643 1
0 1282914 14
0 1282914 1
0 1282963 1
0 1282963 1
0 1282963 1
0 1282963 1
0 1285335 1
0 1285335 1
0 1285335 1
0 1285913 4
0 1285913 24
0 1286060 1
0 1286060 1
0 1286060 1
0 1286060 18
0 1286060 1
0 1287818 2
0 1287818 1
0 1287818 11
0 1288122 9
0 1288122 55
0 1288122 6
0 1288122 4
0 1289381 37
0 1289381 4
0 1289381 13
0 1291296 4
0 1291296 22
0 1291296 6
0 1291703 4
0 1291703 2
0 1291703 1
0 1291703 1
0 1291703 2
0 1291703 30
0 1297078 1
0 1297078 1
0 1297078 10
0 1297078 34
0 1297078 2
0 1297078 1
0 1297078 1
0 1298648 2
0 1298648 76
0 1298648 3
0 1298648 2
0 1300712 1
0 1302847 3
0 1307579 1
0 1310521 19
0 1310521 1
0 1310521 1
0 1310521 1
0 1310521 2
0 1310521 1
0 1310743 2
0 1310743 1
0 1310743 4
0 1310743 2
0 1310743 1
0 1313483 24
0 1313483 5
0 1313483 28
0 1313483 1
0 1313483 7
0 1313528 136
0 1313528 13
0 1316791 58
0 1316791 11
0 1316791 92
0 1320833 1
0 1320833 1
0 1320833 1
0 1326224 69
0 1330239 6
0 1330239 1
0 1330239 1
0 1330239 1
0 1330744 395
0 1330744 2
0 1330744 1
0 1330744 49
0 1330744 1
0 1330744 8
0 1330744 31
0 1330744 3
0 1331103 5
0 1331103 1
0 1332215 6
0 1332215 3
0 1334973 4
0 1334973 9
0 1339041 3
0 1339041 1
0 1339041 4
0 1339041 6
0 1343196 1
0 1343196 4
0 1343196 10
0 1346088 1
0 1346088 5
0 1346088 1
0 1346088 15
0 1346088 1
0 1346088 8
0 1346088 18
0 1346088 1
0 1350599 10
0 1350599 1
0 1350599 1
0 1350599 3
0 1350599 146
0 1350701 2
0 1350701 1
0 1350701 120
0 1350701 23
0 1350701 1
0 1351694 1
0 1351694 1
0 1352794 2
0 1352794 1
0 1352794 1
0 1354158 2
0 1354158 4
0 1354158 4
0 1354158 1
0 1354964 118
0 1355662 3
0 1355662 17
0 1355662 1
0 1357481 1
0 1357481 1
0 1357481 3
0 1358482 346
0 1358482 4
0 1361305 1
0 1361305 1
0 1361305 12
0 1361305 1
0 1363040 1
0 1363040 1
0 1363040 6
0 1365017 1
0 1365017 7
0 1365632 1
0 1365632 1
0 1365632 5
0 1365632 1
0 1365632 2
0 1366781 15
0 1366781 4
0 1366781 31
0 1368435 1
0 1368435 5
0 1368435 2
0 1368435 3
0 1369138 2
0 1369138 4
0 1369138 1
0 1369138 3
0 1372165 2
0 1372165 11
0 1372165 1
0 1372195 2
0 1372195 34
0 1372195 1
0 1372195 35
0 1372300 5
0 1372300 16
0 1372300 1
0 1372300 3
0 1372300 1
0 1372300 9
0 1372300 1
0 1372854 18
0 1372854 523
0 1372854 14
0 1372854 2
0 1378351 1
0 1378457 24
0 1378457 2
0 1378457 2
0 1378457 3
0 1380597 1
0 1380597 1
0 1380597 1
0 1381043 2
0 1382059 58
0 1382059 2
0 1382059 2
0 1382059 14
0 1382059 1
0 1382059 1
0 1382942 3
0 1382942 60
0 1382986 5
0 1382986 19
0 1382986 436
0 1382986 2
0 1383319 2
0 1389861 12
0 1389861 1
0 1395743 1
0 1395743 8
0 1396354 74
0 1400562 1
0 1400562 7
0 1400562 4
0 1401384 1
0 1401384 1
0 1403785 1
0 1403785 11
0 1403785 2
0 1404057 2
0 1404057 3
0 1404057 1
0 1404057 1
0 1404057 9
0 1404702 1
0 1404702 4
0 1405759 79
0 1405759 3
0 1405759 5
0 1405759 2
0 1406094 2
0 1406094 1
0 1406094 98
0 1406094 3
0 1406094 3
0 1406094 9
0 1408683 33
0 1408683 1
0 1408683 5
0 1408683 1
0 1408683 7
0 1411677 29
0 1411677 1
0 1414044 32
0 1414044 1
0 1414044 2
0 1414278 2
0 1414278 1
0 1414278 2
0 1415670 2
0 1415670 2
0 1415670 52
0 1416926 8
0 1418988 1
0 1418988 3
0 1418988 16
0 1419096 5
0 1419096 1
0 1419559 1
0 1419559 1
0 1421073 1
0 1421073 1
0 1421397 31
0 1421397 1
0 1421397 5
0 1421397 1
0 1421397 1
0 1424023 1
0 1427323 12
0 1427323 11
0 1427323 106
0 1427633 1
0 1427633 2
0 1427633 5
0 1428209 1
0 1428209 25
0 1428209 1
0 1428360 11
0 1431285 4
0 1431285 1
0 1431285 56
0 1431285 1
0 1431285 2
0 1432623 1
0 1432623 3
0 1432720 2
0 1432720 3
0 1432720 1
0 1432720 1
0 1434095 1
0 1434095 23
0 1434095 4
0 1434095 1
0 1437076 4
0 1442483 11
0 1442483 1
0 1446271 1
0 1446271 4
0 1446271 9
0 1446271 1
0 1446271 1
0 1446271 2
0 1446609 3
0 1450087 52
0 1450087 8
0 1451773 1
0 1451773 1
0 1452926 73
0 1452926 3
0 1452926 20
0 1452926 37
0 1457030 2
0 1457030 1
0 1457030 1
0 1465130 13
0 1465130 4
0 1465130 1
0 1466626 4
0 1466626 1
0 1466626 19
0 1467078 2
0 1467078 19
0 1468533 8
0 1468533 1
0 1468802 1
0 1469560 3
0 1469560 6
0 1469860 108
0 1469860 2
0 1469860 1
0 1469860 4
0 1469860 426
0 1472802 13
0 1472802 3
0 1474120 1
0 1474120 2
0 1476144 1
0 1476144 3
0 1476144 8
0 1477284 59
0 1477284 2
0 1477284 71
0 1477284 23
0 1477705 50
0 1477705 1
0 1478090 1
0 1478090 8
0 1478090 409
0 1481858 1
0 1482790 1
0 1482790 4
0 1482913 1
0 1482913 2
0 1482913 6
0 1482913 1
0 1482913 6
0 1483945 6
0 1484185 1
0 1484185 1
0 1484185 2
0 1484185 69
0 1484185 2
0 1484269 188
0 1484269 1
0 1484269 1
0 1484269 5
0 1485968 1
0 1485968 1
0 1485968 3
0 1491420 1
0 1491420 3
0 1494506 1
0 1494506 1
0 1494506 3
0 1494506 107
0 1497474 3
0 1499376 1
0 1499376 1
0 1500591 1
0 1500591 4
0 1500591 1
0 1500591 9
0 1502292 4
0 1502292 1
0 1507448 28
0 1507448 2
0 1507448 14
0 1510370 1
0 1510370 3
0 1510370 2
0 1510370 1
0 1510370 24
0 1512242 1
0 1512242 1
0 1512242 2
0 1512242 21
0 1516598 1
0 1516598 1
0 1517219 7
0 1517219 2
0 1517219 2
0 1517451 3
0 1517451 3
0 1517451 1
0 1517451 1
0 1517451 7
0 1524683 3
0 1524896 1
0 1524896 2
0 1524896 14
0 1524896 4
0 1525325 12
0 1525325 1
0 1525325 1
0 1527258 1
0 1527258 1
0 1527258 20
0 1527773 1
0 1527773 1
0 1527773 1
0 1528071 7
0 1528867 4
0 1528867 2
0 1528867 32
0 1528867 1
0 1528867 6
0 1529892 1
0 1529892 1
0 1529892 1
0 1529892 1
0 1529892 19
0 1529892 59
0 1529892 4
0 1529892 9
0 1536692 1
0 1536692 1
0 1537444 1
0 1538456 1
0 1538456 1
0 1538456 1
0 1538456 58
0 1538456 2
0 1538690 1
0 1538854 2
0 1538854 1
0 1538854 1
0 1538901 1
0 1538901 35
0 1538901 22
0 1540449 501
0 1540449 132
0 1540489 1
0 1540489 1
0 1540489 2
0 1540489 66
0 1540489 2
0 1541177 1
0 1541177 1
0 1542415 2
0 1542415 1
0 1542415 1
0 1542415 2
0 1542420 5
0 1542878 1
0 1543858 2
0 1543858 98
0 1545595 782
0 1545595 5
0 1545595 2
0 1545595 6
0 1545595 1
0 1547648 1
0 1547648 2
0 1547648 44
0 1547648 1
0 1548550 1
0 1549470 1
0 1550651 1
0 1550651 1
0 1554304 2
0 1554304 1
0 1557392 13
0 1557392 2
0 1557392 1
0 1557392 3
0 1559059 16
0 1559059 33
0 1559059 94
0 1559059 5
0 1559059 1
0 1561984 2
0 1561984 2
0 1564288 1
0 1564288 18
0 1564288 22
0 1564288 2
0 1566440 1
0 1566440 12
0 1566440 6
0 1567258 10
0 1567258 1
0 1567258 1
0 1567258 1
0 1573038 5
0 1575906 1
0 1575906 2
0 1577923 3
0 1577923 1
0 1578704 153
0 1578704 5
0 1581899 1
0 1581899 3
0 1581899 1
0 1581899 1
0 1581899 1
0 1583227 1
0 1583227 1
0 1583884 10
0 1583884 1
0 1594846 19
0 1594846 1
0 1594846 4
0 1594846 2
0 1594846 2
0 1598955 5
0 1599921 2
0 1599921 11
0 1603350 25
0 1603350 1
0 1603350 8
0 1603350 948
0 1603350 1
0 1604612 2
0 1604612 2
0 1612041 1
0 1612041 7
0 1612041 1
0 1613391 1
0 1613391 1
0 1616042 1
0 1616042 80
0 1619593 1
0 1619593 19
0 1619593 1
0 1619593 1
0 1625496 1
0 1628900 1
0 1632205 1
0 1632205 1
0 1632205 1
0 1634515 1
0 1634515 2
0 1634515 2
0 1634515 1
0 1635705 3
0 1636066 1
0 1636066 2
0 1636066 149
0 1636425 1
0 1636425 4
0 1636425 2
0 1636425 2
0 1638491 2
0 1638994 1
0 1640932 1
0 1640932 303
0 1640932 5
0 1640932 5
0 1641080 2
0 1641080 1
0 1641080 1
0 1641080 1
0 1641414 2
0 1641414 4
0 1641597 2
0 1642417 5
0 1642417 3
0 1642417 51
0 1643423 1
0 1643423 1
0 1653545 45
0 1653545 10
0 1653545 6
0 1658758 1
0 1658758 1
0 1658758 15
0 1658758 10
0 1658758 2
0 1661664 3
0 1661664 1
0 1661757 83
0 1661757 1
0 1661757 1
0 1661757 24
0 1661757 24
0 1662428 7
0 1662428 1
0 1662428 1
0 1662866 1
0 1664331 655
0 1664331 27
0 1664331 1
0 1664331 295
0 1664331 2
0 1664331 1
0 1664331 4
0 1664726 1
0 1664726 2
0 1664726 5
0 1664726 1
0 1668727 2
0 1669416 1
0 1669416 3
0 1669416 1
0 1669416 9
0 1669416 1
0 1674808 1
0 1674808 496
0 1674808 96
0 1674822 2
0 1674822 1
0 1680929 9
0 1680929 1
0 1681342 85
0 1681342 1
0 1683002 1
0 1685572 1
0 1685572 2
0 1685572 1
0 1687336 5
0 1687336 1
0 1687336 1
0 1688089 1
0 1688089 11
0 1688089 2
0 1688089 34
0 1688574 1
0 1688574 2
0 1692142 5
0 1692142 1
0 1692142 4
0 1693041 1
0 1693041 2
0 1693041 2
0 1693041 1
0 1693073 1
0 1693073 2
0 1693073 1
0 1693073 4
0 1693073 1
0 1693073 1
0 1694596 1
0 1694596 6
0 1694596 5
0 1694596 1
0 1694596 2
0 1697330 5
0 1697330 2
0 1697330 6
0 1702524 1
0 1702524 4
0 1703634 2
0 1703634 4
0 1703634 1
0 1704767 7
0 1708705 8
0 1708705 1
0 1708705 2
0 1708705 3
0 1711023 1
0 1711023 1
0 1711023 5
0 1712858 1
0 1712858 1
0 1713240 8
0 1713240 1
0 1713240 18
0 1713240 1
0 1713851 2
0 1713851 5
0 1713851 26
0 1713851 1
0 1713851 3
0 1713851 4
0 1718236 3
0 1718236 1
0 1718785 18
0 1718785 1
0 1718785 16
0 1718785 1
0 1719613 3
0 1719613 1
0 1720560 16
0 1720560 37
0 1725653 1
0 1725653 1
0 1726101 1
0 1726101 3
0 1726101 1
0 1726101 2
0 1727660 2
0 1727660 4
0 1731324 1
0 1731324 116
0 1731324 7
0 1731880 1
0 1732839 16
0 1732839 3
0 1732839 4
0 1733733 8
0 1733733 8
0 1733733 3
0 1733733 4
0 1737272 1
0 1737272 1
0 1739342 3
0 1739342 12
0 1742019 2
0 1742019 1
0 1743011 2
0 1743011 1
0 1746130 2
0 1746494 3
0 1746494 3
0 1746494 2
0 1746494 10
0 1746494 22
0 1751122 1
0 1751122 18
0 1751122 9
0 1751122 26
0 1751122 4
0 1751145 1
0 1751145 23
0 1751145 1
0 1751145 3
0 1752519 5
0 1752519 23
0 1752519 1
0 1752519 1
0 1754643 1
0 1758162 70
0 1758162 723
0 1758162 1
0 1759177 5
0 1759177 1
0 1759177 138
0 1759177 1
0 1759177 1
0 1759177 1
0 1759177 1
0 1759177 31
0 1759177 1
0 1759177 12
0 1759673 1
0 1759673 1
0 1759673 1
0 1759800 1
0 1759800 1
0 1760602 1
0 1760602 1
0 1760602 1
0 1761170 1
0 1761170 10
0 1761170 3
0 1761170 2
0 1761918 2
0 1762504 2
0 1762504 1
0 1762504 1
0 1762504 1
0 1766843 1
0 1766843 1
0 1766843 678
0 1772363 1
0 1772363 9
0 1772363 5
0 1773122 4
0 1773122 16
0 1775056 289
0 1775056 1
0 1775056 1
0 1777382 1
0 1777382 1
0 1777382 5
0 1777382 5
0 1777382 1
0 1777382 19
0 1777382 1
0 1779062 20
0 1779062 6
0 1779062 2
0 1781519 3
0 1781519 3
0 1781519 3
0 1781519 43
0 1781748 1
0 1781748 2
0 1781748 1
0 1781748 1
0 1785125 137
0 1785125 810
0 1785125 1
0 1785125 1
0 1785125 1
0 1786106 4
0 1790547 16
0 1790547 2
0 1790547 3
0 1790547 2
0 1795321 4
0 1795321 426
0 1797252 5
0 1797252 6
0 1797252 1
0 1797252 10
0 1797252 20
0 1797252 2
0 1800548 4
0 1800548 2
0 1800548 74
0 1804787 1
0 1804787 7
0 1805139 4
0 1805139 1
0 1805139 14
0 1806158 1
0 1806158 1
0 1807812 75
0 1807812 12
0 1807812 408
0 1807812 2
0 1807812 2
0 1815473 1
0 1815473 4
0 1815473 1
0 1817517 1
0 1817517 1
0 1817517 1
0 1817517 1
0 1820409 1
0 1822415 7
0 1822415 7
0 1822415 13
0 1823829 29
0 1823829 1
0 1823829 4
0 1823829 8
0 1824829 1
0 1826275 262
0 1826275 2
0 1826275 1
0 1826275 1
0 1828695 1
0 1828695 6
0 1828695 1
0 1828695 114
0 1830650 1
0 1830650 65
0 1833016 2
0 1833016 2
0 1833016 37
0 1833016 164
0 1833016 1
0 1833016 1
0 1838518 2
0 1838621 1
0 1838621 2
0 1838621 1
0 1842761 1
0 1842761 223
0 1842761 4
0 1854335 125
0 1854335 3
0 1854335 4
0 1854335 4
0 1854363 2
0 1854363 9
0 1854363 4
0 1854363 1
0 1856011 310
0 1856011 1
0 1856011 1
0 1856902 38
0 1856902 5
0 1856902 2
0 1858054 2
0 1858054 1
0 1858350 1
0 1858350 5
0 1858350 7
0 1858350 1
0 1858350 6
0 1858350 5
0 1859019 7
0 1859019 1
0 1863002 1
0 1863002 2
0 1863002 2
0 1863002 4
0 1863600 4
0 1863600 3
0 1863746 1
0 1863746 1
0 1863746 1
0 1863746 1
0 1863956 3
0 1863956 1
0 1865646 29
0 1865646 7
0 1867292 2
0 1867970 2
0 1868633 1
0 1868849 1
0 1868849 4
0 1868849 1
0 1868849 1
0 1874775 2
0 1874775 4
0 1874775 1
0 1874775 5
0 1874775 2
0 1876088 1
0 1876088 1
0 1876088 1
0 1880215 2
0 1880215 2
0 1880215 21
0 1883154 1
0 1883154 1
0 1883154 84
0 1883154 29
0 1883154 58
0 1883983 2
0 1883983 1
0 1883983 2
0 1886902 4
0 1886902 1
0 1887386 4
0 1887386 3
0 1887386 1
0 1888299 36
0 1888299 1
0 1888299 1
0 1888299 315
0 1889891 23
0 1889891 2
0 1889891 4
0 1889891 11
0 1889933 153
0 1889933 1
0 1889933 5
0 1889933 2
0 1889933 10
0 1889933 2
0 1897538 41
0 1900147 6
0 1900147 3
0 1901847 2
0 1901847 1
0 1901847 1
0 1901847 1
0 1901847 11
0 1901847 2
0 1901847 7
0 1901847 1
0 1903397 2
0 1903397 7
0 1903397 7
0 1903397 1
0 1903397 1
0 1904841 26
0 1904841 1
0 1904841 9
0 1907020 14
0 1907020 899
0 1907020 3
0 1907020 39
0 1912445 177
0 1912445 3
0 1919831 751
0 1921161 1
0 1921161 9
0 1921161 1
0 1924403 1
0 1924403 33
0 1926615 2
0 1926615 5
0 1926615 8
0 1926615 3
0 1928133 1
0 1931308 1
0 1931308 19
0 1931308 8
0 1931308 1
0 1932032 2
0 1932032 9
0 1933701 1
0 1933701 3
0 1934247 9
0 1934247 28
0 1941775 2
0 1941775 5
0 1941775 1
0 1944122 12
0 1944122 1
0 1949730 5
0 1949730 1
0 1949730 3
0 1955630 4
0 1955630 3
0 1957139 2
0 1957139 7
0 1957139 231
0 1957139 1
0 1957139 2
0 1957139 1
0 1957139 7
0 1957139 9
0 1965652 1
0 1966589 23
0 1966589 4
0 1970527 22
0 1970527 2
0 1970527 1
0 1970527 1
0 1970527 6
0 1971739 1
0 1971739 1
0 1971739 1
0 1972548 1
0 1973575 8
0 1974105 1
0 1974105 1
0 1974208 2
0 1974208 1
0 1977682 1
0 1980545 2
0 1980545 1
0 1981270 1
0 1981270 1
0 1982030 4
0 1982030 1
0 1982030 56
0 1982030 1
0 1986452 4
0 1986452 5
0 1986452 3
0 1989537 1
0 1989537 2
0 1989537 1
0 1990387 2
0 1990387 10
0 1990387 1
0 1990387 134
0 1990387 1
0 1991991 1
0 1995103 1
0 1995103 1
0 1995103 2
0 1995103 2
0 1998649 5
0 1998649 1
0 1998649 152
0 1998649 66
0 1998649 21
1 0 1
1 0 1
1 0 1
1 0 1
1 0 1
1 0 1
1 0 1
1 0 1
1 0 2
1 0 1
1 0 1
1 0 1
1 0 1
1 0 4
1 0 1
1 0 1
1 0 1
1 0 1
1 0 3
1 0 1
1 3778 1
1 3778 1
1 3778 1
1 4172 1
1 4172 1
1 11616 1
1 11616 2
1 11616 2
1 11616 4
1 13867 1
1 13867 1
1 13867 1
1 13867 2
1 13867 1
1 14004 1
1 14004 1
1 14004 1
1 14004 2
1 14004 1
1 14004 1
1 15999 1
1 15999 1
1 15999 1
1 15999 2
1 15999 1
1 15999 1
1 15999 1
1 17567 1
1 17987 1
1 17987 1
1 17987 1
1 22491 1
1 22491 1
1 22491 1
1 24866 1
1 24866 1
1 24866 1
1 27955 7
1 27955 1
1 27955 1
1 27955 1
1 30377 7
1 30377 1
1 30377 1
1 30700 1
1 33196 1
1 33196 1
1 33699 3
1 38437 1
1 38437 1
1 38437 1
1 38437 1
1 39445 7
1 41120 1
1 41487 1
1 41487 1
1 41487 3
1 42534 1
1 43107 1
1 43515 1
1 43515 2
1 43515 2
1 43515 1
1 43933 1
1 43933 2
1 43933 1
1 45435 1
1 46916 2
1 46916 1
1 46916 2
1 46925 1
1 46925 3
1 46925 1
1 47559 1
1 47559 1
1 47559 2
1 47559 1
1 47559 2
1 47559 2
1 49567 1
1 49567 1
1 49567 1
1 52382 1
1 52382 1
1 52693 1
1 52693 1
1 52693 1
1 52693 1
1 52693 1
1 54334 1
1 54334 1
1 54334 1
1 55304 1
1 60283 1
1 60283 2
1 61840 1
1 62218 3
1 62218 2
1 62218 1
1 62218 1
1 62218 1
1 62218 1
1 62514 1
1 62514 1
1 62514 1
1 62514 1
1 64436 1
1 64436 1
1 65956 45
1 65956 3
1 65956 2
1 65956 1
1 69215 1
1 69215 1
1 69215 1
1 71105 1
1 71105 1
1 71105 2
1 73824 1
1 73824 2
1 73824 2
1 77008 2
1 77008 4
1 77008 1
1 77008 1
1 84447 1
1 84447 1
1 84447 2
1 84447 1
1 86061 4
1 86061 1
1 87714 1
1 90896 1
1 90896 1
1 90896 1
1 91541 1
1 91541 1
1 98881 1
1 98881 1
1 98881 1
1 98881 1
1 99274 1
1 99274 1
1 99274 1
1 100279 1
1 100279 4
1 100290 2
1 100290 1
1 100529 1
1 100529 1
1 100529 1
1 100529 1
1 100529 1
1 105547 1
1 105547 8
1 105547 1
1 108496 1
1 108496 1
1 108496 1
1 109967 1
1 109967 1
1 109967 2
1 109967 1
1 110562 1
1 110562 1
1 110562 4
1 111024 3
1 111024 1
1 111024 1
1 111024 1
1 111453 1
1 111453 1
1 111465 1
1 111806 1
1 111806 1
1 111806 1
1 112849 1
1 112849 1
1 114883 1
1 114883 1
1 114883 1
1 114883 2
1 114883 1
1 115600 1
1 117878 1
1 120904 1
1 120904 1
1 120904 1
1 120904 1
1 121230 1
1 121230 2
1 121230 1
1 121230 1
1 122795 1
1 122795 1
1 122795 1
1 123931 1
1 124660 1
1 124660 1
1 124660 1
1 126173 2
1 126173 1
1 126173 1
1 128047 1
1 128047 1
1 131642 1
1 131642 1
1 136499 1
1 136499 1
1 138410 1
1 138410 2
1 138410 2
1 140746 1
1 140746 1
1 140746 1
1 140746 1
1 140746 1
1 140746 5
1 141826 1
1 141826 1
1 141826 9
1 142319 8
1 142375 1
1 142375 1
1 142375 2
1 142375 1
1 142375 1
1 148950 1
1 148950 5
1 148950 1
1 148950 1
1 148950 2
1 152226 1
1 152226 1
1 157948 1
1 157948 1
1 160252 1
1 160252 2
1 164122 1
1 164999 1
1 165170 1
1 165170 1
1 165170 1
1 165170 1
1 165170 1
1 165542 1
1 168118 1
1 168118 1
1 168118 38
1 168564 36
1 168564 1
1 168564 3
1 172044 1
1 172044 1
1 172044 1
1 172044 3
1 177598 1
1 177598 2
1 177706 1
1 177706 9
1 178801 1
1 178801 2
1 178801 1
1 181057 1
1 181057 1
1 181057 1
1 182939 1
1 182939 1
1 182939 1
1 183943 1
1 183943 1
1 185360 1
1 185360 1
1 185932 1
1 188572 1
1 188572 1
1 191089 22
1 191089 1
1 191089 1
1 191089 1
1 193869 1
1 193869 1
1 193869 1
1 193869 1
1 201736 2
1 201736 2
1 201736 1
1 201736 1
1 202302 5
1 202302 2
1 202302 1
1 202302 1
1 202302 1
1 202302 1
1 202805 1
1 202805 1
1 202805 1
1 203416 5
1 203416 1
1 203416 1
1 203416 1
1 203416 1
1 203416 1
1 203416 2
1 204846 30
1 204846 1
1 204846 5
1 205815 1
1 205815 1
1 212756 1
1 212756 1
1 212756 1
1 212756 1
1 212756 1
1 212756 134
1 213091 2
1 213091 1
1 213091 1
1 213091 50
1 213091 1
1 213091 1
1 213198 2
1 217344 1
1 217344 1
1 217344 1
1 217344 1
1 217344 2
1 219424 1
1 219424 2
1 219424 1
1 219424 1
1 219643 1
1 219643 1
1 219643 1
1 219643 1
1 220347 2
1 220347 1
1 220347 2
1 224528 1
1 224528 1
1 224528 1
1 225831 1
1 225831 1
1 225831 2
1 225831 1
1 227545 3
1 232616 2
1 232616 5
1 232616 1
1 232616 1
1 232616 1
1 233273 1
1 233273 1
1 233273 1
1 238903 1
1 238903 1
1 238903 1
1 239980 3
1 239980 1
1 239980 5
1 239980 1
1 242509 1
1 242509 1
1 242509 1
1 242509 5
1 242509 1
1 242509 2
1 244330 1
1 244330 1
1 244330 1
1 244600 7
1 244600 2
1 244600 1
1 244600 1
1 244600 8
1 244600 1
1 245409 1
1 245409 1
1 245409 1
1 245409 1
1 245409 1
1 245409 1
1 245409 1
1 246015 1
1 247165 1
1 250914 2
1 250914 1
1 250914 1
1 250914 1
1 250914 1
1 252315 3
1 252315 1
1 252315 1
1 252315 1
1 252544 1
1 252544 1
1 252544 1
1 252544 1
1 253552 1
1 253552 1
1 253552 1
1 253552 1
1 254979 2
1 254979 1
1 254979 1
1 256563 1
1 256563 1
1 256563 1
1 256563 1
1 256563 1
1 257205 2
1 257205 1
1 257205 2
1 257205 1
1 257675 1
1 257675 1
1 258014 1
1 258014 1
1 258014 2
1 260266 1
1 260266 7
1 260266 1
1 260266 22
1 262169 1
1 262169 2
1 264860 1
1 264860 1
1 268231 2
1 268231 1
1 268668 1
1 268668 1
1 268668 1
1 274425 7
1 276505 1
1 276505 1
1 276505 1
1 276505 1
1 276505 1
1 277275 5
1 277942 1
1 277942 1
1 277942 1
1 277942 1
1 277945 1
1 277945 5
1 277945 1
1 277945 1
1 277945 1
1 278106 42
1 278106 1
1 278106 1
1 278106 1
1 278106 1
1 278355 1
1 280334 1
1 280334 7
1 280334 2
1 280334 1
1 280334 1
1 284678 2
1 284678 1
1 284678 1
1 284678 1
1 286635 1
1 286635 1
1 286635 1
1 286635 1
1 286635 1
1 287369 1
1 287369 1
1 290174 1
1 290174 5
1 290174 1
1 290174 3
1 290790 1
1 290790 2
1 290790 1
1 290790 1
1 291147 1
1 291147 1
1 291147 9
1 291147 1
1 291147 1
1 291147 1
1 291541 1
1 291541 1
1 291541 2
1 291541 1
1 291541 1
1 292974 2
1 292974 1
1 292974 1
1 292974 3
1 294425 1
1 295277 1
1 295277 3
1 298874 1
1 298874 1
1 302598 2
1 302598 1
1 302865 1
1 302865 22
1 303861 1
1 303861 2
1 303917 1
1 303917 1
1 306033 1
1 307906 1
1 307906 2
1 311024 1
1 311024 1
1 311969 3
1 311969 1
1 315626 2
1 315626 1
1 316252 1
1 316252 7
1 316252 1
1 318774 1
1 318774 1
1 318774 1
1 319393 1
1 319402 1
1 319402 2
1 319402 1
1 319402 1
1 319402 1
1 319402 1
1 319758 1
1 319758 1
1 322859 5
1 322859 2
1 322859 1
1 323127 1
1 326404 3
1 326404 2
1 326404 1
1 326404 1
1 326404 2
1 326404 1
1 326404 2
1 328876 1
1 328876 1
1 328876 1
1 329176 2
1 329176 1
1 329176 1
1 329176 2
1 329176 1
1 329792 1
1 329792 1
1 330866 1
1 330866 1
1 330866 2
1 332530 2
1 332530 1
1 334807 1
1 334807 2
1 337001 1
1 337001 1
1 342631 1
1 342631 1
1 342631 1
1 342631 2
1 342631 1
1 347231 1
1 347231 1
1 348310 6
1 348310 1
1 348310 1
1 348310 1
1 348580 1
1 348580 1
1 348780 1
1 348780 1
1 348780 2
1 349726 1
1 351139 1
1 351139 1
1 351139 1
1 351634 1
1 351756 1
1 351756 1
1 351756 2
1 352147 2
1 352147 1
1 352147 17
1 361205 1
1 361205 1
1 361205 1
1 361205 1
1 363613 1
1 363613 1
1 363613 3
1 363613 1
1 363613 1
1 363613 3
1 363613 1
1 363613 1
1 365143 1
1 365143 1
1 365711 1
1 366344 1
1 366344 1
1 370627 1
1 370627 4
1 372039 1
1 372039 1
1 372039 3
1 372533 1
1 372533 7
1 373478 1
1 373478 1
1 373478 7
1 373478 1
1 373478 1
1 373478 1
1 377904 1
1 377904 2
1 377904 1
1 377904 1
1 380650 1
1 380650 1
1 380650 1
1 380650 1
1 381609 1
1 381609 1
1 381609 1
1 381609 1
1 382829 1
1 382829 1
1 382829 2
1 382829 1
1 386031 1
1 386031 3
1 386031 1
1 386031 1
1 386031 3
1 386031 1
1 386272 1
1 386272 2
1 386272 1
1 386272 3
1 386940 1
1 386940 4
1 387958 8
1 387958 1
1 387958 1
1 387958 1
1 387958 6
1 389332 1
1 389332 1
1 389332 3
1 389332 1
1 391468 1
1 391468 1
1 396416 2
1 396416 1
1 396416 1
1 398645 1
1 398645 2
1 398645 1
1 408885 1
1 408885 1
1 408885 4
1 415028 1
1 415028 3
1 415028 1
1 416445 1
1 416445 672
1 416445 1
1 418570 2
1 418570 4
1 420469 1
1 420469 1
1 420469 1
1 420759 1
1 420759 1
1 420759 3
1 420759 10
1 420759 1
1 421212 1
1 421212 1
1 423202 3
1 423202 1
1 423202 11
1 423202 140
1 423202 5
1 423202 3
1 423202 1
1 423768 7
1 423768 1
1 428903 3
1 431016 1
1 431016 22
1 431016 1
1 431624 1
1 431624 840
1 431624 1
1 431624 1
1 431624 1
1 431624 1
1 431624 1
1 431624 1
1 431687 1
1 431687 2
1 431687 2
1 431687 1
1 431687 1
1 431687 3
1 431821 1
1 431821 3
1 437170 1
1 437170 2
1 437170 2
1 437210 1
1 437210 1
1 437210 2
1 438478 1
1 438478 1
1 438478 1
1 438478 1
1 440972 1
1 440972 2
1 443076 1
1 443076 1
1 443506 3
1 443506 4
1 443703 1
1 443703 1
1 443703 1
1 443703 1
1 443703 1
1 443960 3
1 443960 1
1 443960 1
1 444472 1
1 444472 1
1 446660 1
1 446660 1
1 446660 1
1 448614 1
1 448614 1
1 449400 2
1 449942 1
1 449942 1
1 449942 1
1 450977 2
1 450977 2
1 450977 2
1 452241 1
1 452241 1
1 452241 1
1 452241 9
1 452241 1
1 452679 2
1 453200 1
1 453200 1
1 453200 1
1 456716 1
1 456716 2
1 456716 1
1 457222 1
1 457222 1
1 466472 1
1 466472 1
1 466472 2
1 468531 1
1 468531 1
1 468531 2
1 468531 1
1 468531 1
1 474173 2
1 474173 1
1 474173 1
1 474173 1
1 476451 1
1 477956 2
1 477956 1
1 477956 1
1 477956 1
1 477956 5
1 479644 1
1 479644 1
1 479653 2
1 479653 1
1 479653 1
1 479653 1
1 480053 1
1 481240 2
1 481240 1
1 483132 1
1 483132 1
1 483132 2
1 483369 8
1 483369 1
1 485848 2
1 485848 1
1 485848 1
1 489058 1
1 489058 12
1 489058 1
1 492282 2
1 492282 1
1 492282 1
1 492282 1
1 497592 1
1 497638 1
1 497638 1
1 497638 2
1 499776 16
1 499776 1
1 499776 1
1 499776 2
1 499776 1
1 499776 1
1 503658 1
1 503658 1
1 503658 1
1 503658 1
1 503658 1
1 504745 1
1 504745 2
1 505611 2
1 505611 1
1 505611 1
1 508325 1
1 508325 2
1 508325 1
1 508325 1
1 508905 1
1 508905 2
1 508905 1
1 510624 1
1 511469 1
1 511469 4
1 511469 1
1 512101 1
1 516397 1
1 516397 1
1 516397 1
1 516397 12
1 523630 1
1 523630 1
1 523630 1
1 526215 2
1 526215 1
1 526215 1
1 526215 1
1 526215 1
1 526215 1
1 526215 1
1 526215 1
1 526215 1
1 529734 1
1 529734 2
1 532981 1
1 532981 1
1 532981 1
1 532981 10
1 536843 11
1 536843 140
1 538736 1
1 539429 1
1 539429 1
1 539429 1
1 540516 1
1 540516 1
1 540516 1
1 540516 1
1 540516 1
1 540729 1
1 540729 5
1 540729 1
1 541559 1
1 541559 1
1 541559 1
1 541559 1
1 541559 3
1 544313 1
1 544313 1
1 544313 1
1 550248 2
1 550248 3
1 550534 1
1 550534 4
1 551583 1
1 551583 27
1 551583 2
1 551583 1
1 551583 6
1 551583 1
1 551583 1
1 553617 1
1 553617 1
1 553617 1
1 553617 1
1 554598 1
1 554598 1
1 554598 2
1 555348 140
1 555348 1
1 557113 1
1 557113 1
1 557113 10
1 559606 2
1 559606 1
1 559606 1
1 559606 1
1 559606 1
1 559606 1
1 559606 2
1 560048 2
1 563543 2
1 563822 1
1 563822 1
1 572851 3
1 572851 1
1 572851 1
1 572851 3
1 574214 1
1 577777 1
1 577777 1
1 577777 1
1 578261 1
1 578261 1
1 579717 1
1 582530 1
1 589129 3
1 589595 1
1 589595 1
1 589595 2
1 590015 3
1 590015 1
1 591769 1
1 591769 1
1 591769 1
1 591769 1
1 591769 1
1 591769 1
1 592224 2
1 592224 1
1 592224 2
1 592224 1
1 592224 1
1 594008 1
1 594008 1
1 594008 1
1 594008 1
1 606111 1
1 606111 1
1 606111 1
1 613401 1
1 613401 2
1 613401 1
1 613423 1
1 613423 2
1 613585 1
1 613585 1
1 613585 2
1 613585 1
1 613585 1
1 613585 3
1 621782 1
1 621782 526
1 621782 1
1 622253 1
1 622253 1
1 622253 2
1 628707 10
1 628707 1
1 628707 1
1 633539 1
1 633539 1
1 633539 1
1 634957 1
1 634957 1
1 642806 1
1 642806 1
1 642806 1
1 642806 1
1 642806 1
1 642806 1
1 645333 1
1 645333 1
1 646236 2
1 646236 1
1 650608 1
1 650608 1
1 650608 3
1 650608 1
1 650608 1
1 650608 4
1 650608 1
1 653587 1
1 653587 1
1 653587 2
1 653587 1
1 653587 10
1 653587 1
1 655587 11
1 655587 140
1 655587 5
1 658621 1
1 662649 42
1 662649 1
1 662649 1
1 662952 4
1 662952 1
1 662952 1
1 662952 1
1 666911 1
1 666911 3
1 667845 1
1 669508 1
1 669508 2
1 669508 1
1 669508 11
1 670613 3
1 670613 1
1 672004 1
1 672004 1
1 672407 1
1 672407 1
1 672407 1
1 672407 1
1 672810 3
1 672810 1
1 672810 1
1 678165 1
1 678165 1
1 678165 1
1 691079 1
1 691079 11
1 691554 1
1 691554 1
1 691554 1
1 692158 1
1 692158 1
1 692158 10
1 692853 1
1 692853 1
1 692853 1
1 692853 2
1 695634 1
1 695634 1
1 695634 1
1 696460 1
1 700793 3
1 700793 1
1 700793 3
1 700793 1
1 706580 3
1 709238 2
1 709238 1
1 709238 1
1 711105 1
1 711105 1
1 711105 1
1 711766 5
1 711766 1
1 711766 1
1 711766 1
1 711766 2
1 723353 1
1 723353 1
1 723353 1
1 723353 1
1 723353 1
1 723353 1
1 724659 1
1 724659 1
1 725401 1
1 725401 1
1 725740 11
1 725740 1
1 725740 1
1 725740 1
1 727457 1
1 727457 1
1 727457 1
1 727457 1
1 727457 1
1 727457 1
1 728510 1
1 728510 1
1 728510 5
1 728510 4
1 728510 4
1 729489 1
1 729489 1
1 732013 1
1 732013 2
1 734812 3
1 734812 1
1 734812 1
1 735679 2
1 735679 2
1 735679 1
1 736583 1
1 736583 1
1 736583 5
1 736583 1
1 737281 1
1 737281 1
1 737281 4
1 737281 1
1 739003 2
1 739003 2
1 739003 1
1 741384 4
1 741384 8
1 741384 1
1 742019 1
1 742019 1
1 742019 8
1 742019 1
1 745725 1
1 745725 1
1 745725 1
1 746235 1
1 746235 1
1 746235 2
1 746235 1
1 746235 1
1 747000 1
1 747000 1
1 747000 1
1 747000 1
1 747000 3
1 747000 1
1 747000 1
1 748278 1
1 748278 1
1 759307 1
1 759307 4
1 761258 1
1 761258 1
1 765274 1
1 765274 1
1 767329 2
1 767519 1
1 767519 2
1 767519 1
1 767519 2
1 769847 2
1 769847 1
1 769847 2
1 770380 1
1 771281 1
1 771281 3
1 771281 1
1 771281 11
1 771281 140
1 774542 1
1 774542 1
1 774542 1
1 775954 1
1 775954 1
1 775954 1
1 775954 104
1 775954 8
1 775954 1
1 777385 1
1 777385 1
1 777385 4
1 780425 1
1 780425 1
1 782182 1
1 782182 1
1 782182 1
1 785195 1
1 785195 1
1 785195 1
1 789162 1
1 789162 1
1 789162 1
1 789834 2
1 789834 14
1 789834 2
1 789834 1
1 793333 2
1 793333 1
1 793333 2
1 794264 4
1 794264 1
1 794490 1
1 794490 5
1 794490 1
1 794490 1
1 794490 134
1 794490 2
1 794547 4
1 794547 1
1 794547 3
1 796143 2
1 797352 4
1 797352 1
1 797352 1
1 798453 1
1 798453 1
1 799391 4
1 799391 2
1 799391 6
1 799860 1
1 799860 1
1 799860 1
1 799860 1
1 799860 1
1 803849 1
1 803849 1
1 803849 1
1 803849 1
1 803849 1
1 803849 1
1 803849 1
1 807067 2
1 807067 1
1 807067 1
1 807067 20
1 807067 3
1 807067 1
1 812375 1
1 812375 1
1 812375 1
1 812375 8
1 812489 2
1 812489 1
1 812489 1
1 812489 1
1 812489 1
1 816239 1
1 817639 1
1 817639 1
1 818095 4
1 818095 1
1 818095 2
1 818278 3
1 818278 2
1 818278 3
1 822845 1
1 822845 2
1 822845 1
1 822845 1
1 823048 1
1 823048 1
1 823048 2
1 827733 1
1 827733 1
1 829944 1
1 829944 1
1 829944 1
1 829944 1
1 830645 1
1 830645 1
1 830645 1
1 830645 1
1 831571 1
1 831571 2
1 831571 1
1 832370 3
1 832370 1
1 832370 1
1 832814 2
1 832814 1
1 832814 2
1 845261 1
1 846401 1
1 846401 2
1 846401 2
1 846401 1
1 847065 1
1 847065 3
1 847065 1
1 847065 1
1 847065 1
1 848225 1
1 848225 1
1 852765 4
1 854468 1
1 854468 2
1 855323 1
1 855323 1
1 855323 1
1 855323 4
1 855323 1
1 855323 1
1 857408 1
1 857408 1
1 857408 1
1 858597 2
1 858597 2
1 859552 1
1 859552 1
1 859552 2
1 859552 1
1 863633 1
1 863633 1
1 865568 1
1 865568 2
1 867113 1
1 867113 1
1 867113 1
1 868281 1
1 868281 1
1 868281 2
1 871514 1
1 871514 1
1 871514 2
1 871514 4
1 871523 1
1 871523 1
1 871523 1
1 871523 1
1 871523 5
1 872022 34
1 872022 6
1 872022 1
1 872022 2
1 872022 1
1 872022 1
1 872857 6
1 872857 1
1 872857 1
1 872857 1
1 873695 1
1 873695 1
1 873695 1
1 875049 1
1 875049 1
1 876564 1
1 876564 6
1 876564 1
1 876564 2
1 876564 1
1 876564 4
1 876564 1
1 877379 1
1 877379 1
1 879497 1
1 879497 1
1 879497 1
1 879497 4
1 879497 1
1 879659 7
1 879659 1
1 879659 2
1 880325 1
1 880325 1
1 880325 1
1 880325 1
1 881462 1
1 881462 1
1 883682 2
1 883682 1
1 883682 1
1 884190 1
1 884190 1
1 885138 2
1 885138 2
1 885138 1
1 885138 1
1 887766 2
1 887766 1
1 887766 1
1 887766 1
1 887766 1
1 887766 22
1 889408 1
1 889408 1
1 889408 1
1 889408 1
1 889408 1
1 889408 2
1 889408 2
1 889408 1
1 893755 8
1 893755 1
1 893755 1
1 893755 1
1 893755 2
1 897564 3
1 897564 38
1 897564 1
1 897564 1
1 899685 1
1 899685 1
1 899685 2
1 900052 1
1 900052 1
1 900052 2
1 901213 7
1 901213 3
1 901213 1
1 902024 1
1 902024 5
1 902024 1
1 906066 1
1 906066 4
1 906066 1
1 913156 7
1 913156 1
1 914458 1
1 914458 1
1 915891 4
1 915891 3
1 916031 1
1 916031 1
1 916031 2
1 916031 1
1 916031 2
1 918749 1
1 920318 1
1 920318 2
1 921977 2
1 921977 1
1 921977 1
1 926574 1
1 926574 5
1 926574 2
1 931015 1
1 931015 1
1 931015 1
1 932435 1
1 932435 1
1 937605 3
1 937605 1
1 943932 1
1 943932 2
1 943932 5
1 943932 1
1 945100 1
1 945100 1
1 945100 2
1 945100 1
1 945547 1
1 945547 1
1 945547 2
1 945547 1
1 949230 2
1 949230 1
1 950678 1
1 950678 2
1 950678 1
1 950678 1
1 950678 1
1 953372 1
1 953372 1
1 953372 1
1 958384 1
1 958384 2
1 958818 1
1 958966 1
1 961702 1
1 961702 1
1 961702 1
1 961702 1
1 961702 1
1 961702 2
1 961995 3
1 961995 1
1 961995 1
1 961995 1
1 967080 1
1 967080 1
1 967080 1
1 967080 1
1 968196 1
1 968196 2
1 976127 1
1 976127 1
1 977207 1
1 977207 1
1 977207 27
1 977207 2
1 977207 1
1 977801 1
1 977801 1
1 985817 1
1 985817 1
1 985817 1
1 985817 2
1 985817 1
1 985817 26
1 985817 11
1 985817 1
1 985853 1
1 985853 1
1 985853 1
1 985853 1
1 990862 1
1 990988 1
1 990988 1
1 990988 1
1 990988 1
1 991031 1
1 992200 1
1 993312 4
1 993312 2
1 993312 1
1 993312 12
1 993312 2
1 996010 7
1 996010 1
1 996010 22
1 996044 1
1 996489 1
1 996489 1
1 996751 1
1 996751 1
1 996751 1
1 996751 1
1 998095 68
1 998095 1
1 1002210 10
1 1002210 1
1 1002210 2
1 1003784 4
1 1003784 2
1 1005156 1
1 1005156 1
1 1006314 1
1 1006314 1
1 1006314 1
1 1006314 1
1 1007141 2
1 1007645 2
1 1007645 1
1 1008880 1
1 1008880 1
1 1009098 65
1 1009098 2
1 1013735 1
1 1013735 2
1 1013735 1
1 1013735 1
1 1013735 1
1 1014912 2
1 1014912 2
1 1016379 1
1 1016379 1
1 1016985 1
1 1016985 3
1 1017574 1
1 1017574 3
1 1017574 1
1 1018622 1
1 1018622 1
1 1018622 1
1 1019559 1
1 1019559 9
1 1019916 2
1 1019916 1
1 1019916 1
1 1019916 1
1 1019916 1
1 1019916 24
1 1023283 2
1 1023283 1
1 1025168 1
1 1025168 1
1 1025168 2
1 1025168 1
1 1025563 1
1 1025563 1
1 1025563 1
1 1025897 1
1 1025897 7
1 1025897 1
1 1025897 3
1 1025897 1
1 1033030 1
1 1033030 1
1 1033030 1
1 1033030 1
1 1033030 1
1 1034799 1
1 1034799 1
1 1034799 1
1 1038631 2
1 1040346 4
1 1040346 1
1 1040869 2
1 1040869 1
1 1040869 1
1 1040869 1
1 1042215 2
1 1042215 6
1 1042215 1
1 1042215 1
1 1042215 1
1 1042215 1
1 1042340 1
1 1046049 1
1 1046049 1
1 1047748 1
1 1047748 1
1 1047748 1
1 1047748 19
1 1049926 1
1 1049926 1
1 1049926 1
1 1049926 1
1 1050621 1
1 1051481 2
1 1051481 3
1 1051481 1
1 1051553 1
1 1053873 2
1 1053873 2
1 1053873 1
1 1053873 1
1 1055100 1
1 1055100 1
1 1055100 3
1 1055100 1
1 1056643 1
1 1056643 1
1 1056643 1
1 1061751 1
1 1062884 15
1 1062884 1
1 1062884 1
1 1062884 1
1 1062884 1
1 1063248 13
1 1065252 1
1 1070268 1
1 1070268 1
1 1070268 1
1 1070268 1
1 1070357 2
1 1070774 2
1 1070774 1
1 1070774 1
1 1070774 2
1 1072394 1
1 1072640 2
1 1072640 1
1 1072640 1
1 1072640 1
1 1072725 1
1 1072725 1
1 1072725 1
1 1072725 1
1 1072935 1
1 1073881 1
1 1073881 1
1 1087622 1
1 1087622 1
1 1087622 1
1 1087622 1
1 1087622 1
1 1088633 1
1 1088633 1
1 1091379 1
1 1091379 1
1 1091379 1
1 1091379 1
1 1091379 11
1 1096371 1
1 1097810 1
1 1097810 16
1 1099331 1
1 1099331 1
1 1099331 1
1 1100732 1
1 1100732 1
1 1100732 1
1 1100732 1
1 1100844 2
1 1101685 1
1 1101685 8
1 1101685 1
1 1102497 1
1 1102497 1
1 1104567 2
1 1104567 1
1 1104567 1
1 1104567 1
1 1104567 2
1 1105259 1
1 1110028 1
1 1110028 4
1 1110028 1
1 1110028 1
1 1110028 1
1 1110028 1
1 1110741 1
1 1110741 3
1 1114864 4
1 1114864 1
1 1114864 1
1 1114864 1
1 1114864 1
1 1116546 1
1 1116546 2
1 1116546 1
1 1116546 1
1 1116546 1
1 1117425 1
1 1117425 2
1 1117425 1
1 1119083 16
1 1119083 3
1 1119083 1
1 1119083 1
1 1119083 3
1 1119618 2
1 1119618 1
1 1122013 7
1 1122013 1
1 1122013 12
1 1122013 3
1 1122013 4
1 1122013 2
1 1122013 2
1 1122013 1
1 1123593 1
1 1123593 1
1 1125824 1
1 1125824 1
1 1125824 1
1 1125824 1
1 1125824 1
1 1125824 1
1 1130602 1
1 1130602 1
1 1130602 1
1 1130602 1
1 1130602 1
1 1130602 1
1 1130602 2
1 1130942 1
1 1133726 1
1 1133726 3
1 1135629 1
1 1135629 2
1 1135629 1
1 1138047 1
1 1138047 1
1 1138047 1
1 1138761 2
1 1138761 2
1 1141418 1
1 1141418 2
1 1144348 1
1 1144348 1
1 1144553 1
1 1144553 1
1 1144553 1
1 1144553 2
1 1144553 1
1 1150176 1
1 1150176 1
1 1150176 5
1 1150176 1
1 1150583 1
1 1150583 2
1 1150583 1
1 1150583 1
1 1150583 2
1 1156631 5
1 1157197 1
1 1157391 1
1 1157775 2
1 1158013 1
1 1164891 1
1 1164891 1
1 1164891 1
1 1164891 3
1 1164891 1
1 1171020 2
1 1171020 13
1 1171020 3
1 1171020 1
1 1171020 3
1 1171020 1
1 1173919 2
1 1173919 1
1 1173919 1
1 1175476 1
1 1176399 1
1 1176399 1
1 1176399 2
1 1176399 2
1 1176399 1
1 1179424 1
1 1179424 1
1 1180292 1
1 1180292 1
1 1180292 1
1 1181562 1
1 1181562 7
1 1181562 2
1 1182406 1
1 1182406 1
1 1182454 2
1 1185070 2
1 1185070 1
1 1185070 1
1 1185070 1
1 1185070 1
1 1185070 1
1 1185082 1
1 1185082 1
1 1187253 1
1 1187253 1
1 1187253 2
1 1187253 1
1 1188528 1
1 1189035 1
1 1189035 1
1 1194067 3
1 1194067 1
1 1194067 1
1 1194067 2
1 1194067 2
1 1195815 1
1 1195815 3
1 1199394 1
1 1199394 1
1 1199394 1
1 1199394 1
1 1199394 3
1 1199394 1
1 1199394 1
1 1200393 1
1 1200393 1
1 1201415 1
1 1201415 1
1 1202675 1
1 1208336 1
1 1208336 1
1 1208336 2
1 1208980 1
1 1208980 1
1 1208980 6
1 1208980 1
1 1209028 2
1 1209028 1
1 1210621 1
1 1210621 2
1 1210621 1
1 1210621 1
1 1211478 2
1 1211478 1
1 1211478 1
1 1211478 1
1 1212394 1
1 1215101 2
1 1215101 1
1 1215101 1
1 1215101 2
1 1223402 1
1 1223402 1
1 1223402 1
1 1228914 1
1 1228914 1
1 1228914 1
1 1228914 3
1 1230783 1
1 1230783 1
1 1233973 1
1 1233973 1
1 1241304 1
1 1241304 1
1 1242452 1
1 1242452 1
1 1245114 1
1 1245114 2
1 1253727 1
1 1253727 1
1 1254591 1
1 1254591 1
1 1255202 1
1 1255202 1
1 1255202 1
1 1255903 2
1 1255903 1
1 1255903 1
1 1255903 1
1 1255903 1
1 1255903 1
1 1255903 1
1 1255903 3
1 1260735 1
1 1260735 1
1 1260843 1
1 1260843 3
1 1260843 1
1 1260843 1
1 1261589 2
1 1261589 2
1 1261589 1
1 1262079 1
1 1262079 2
1 1262079 1
1 1262079 1
1 1262101 6
1 1262101 1
1 1262101 1
1 1262101 2
1 1262101 2
1 1264139 1
1 1264139 11
1 1267401 4
1 1267401 1
1 1268648 1
1 1268648 1
1 1268648 1
1 1268648 2
1 1268648 1
1 1270383 1
1 1272773 1
1 1272773 1
1 1272773 1
1 1274144 1
1 1276938 1
1 1276938 1
1 1276938 1
1 1277725 2
1 1277725 2
1 1277725 1
1 1277725 1
1 1278694 1
1 1278694 1
1 1279833 3
1 1279833 1
1 1279833 1
1 1279833 1
1 1279849 1
1 1279849 1
1 1281558 2
1 1281558 1
1 1282299 2
1 1282299 1
1 1282299 1
1 1282299 5
1 1282299 1
1 1282299 3
1 1282299 2
1 1284527 2
1 1284527 1
1 1284527 1
1 1284527 5
1 1285412 2
1 1285412 24
1 1286572 2
1 1286572 1
1 1286572 1
1 1286572 1
1 1286572 1
1 1286572 1
1 1289473 3
1 1289473 11
1 1289473 1
1 1289473 1
1 1289473 680
1 1289473 1
1 1289473 1
1 1292361 2
1 1292361 1
1 1292361 1
1 1292361 1
1 1292361 3
1 1292361 1
1 1292569 61
1 1292569 1
1 1292569 7
1 1292569 1
1 1292569 1
1 1294066 1
1 1294066 1
1 1294066 1
1 1295605 1
1 1295605 1
1 1295605 1
1 1295605 20
1 1300318 1
1 1300525 2
1 1300993 1
1 1300993 1
1 1300993 1
1 1300993 1
1 1300993 1
1 1300993 1
1 1301863 2
1 1306696 1
1 1306696 1
1 1306696 1
1 1306696 1
1 1309624 1
1 1316459 2
1 1316459 1
1 1316459 1
1 1322073 1
1 1322073 1
1 1322073 1
1 1322073 1
1 1322471 1
1 1324094 1
1 1324094 1
1 1324094 2
1 1328004 1
1 1331516 1
1 1331516 5
1 1331516 2
1 1331516 1
1 1331516 2
1 1331516 2
1 1331516 1
1 1333001 29
1 1333001 92
1 1333001 1
1 1336499 3
1 1336499 1
1 1338021 7
1 1338114 1
1 1338114 2
1 1338114 1
1 1338114 26
1 1338114 11
1 1339592 1
1 1339592 1
1 1342057 11
1 1342057 1
1 1342057 1
1 1342057 1
1 1343902 1
1 1343902 2
1 1343902 54
1 1344083 1
1 1344083 1
1 1344502 1
1 1344502 1
1 1344502 1
1 1344502 1
1 1346568 1
1 1346568 1
1 1346568 3
1 1349879 2
1 1349879 2
1 1351865 8
1 1351865 1
1 1351865 1
1 1351865 1
1 1354100 1
1 1354100 2
1 1354100 1
1 1354100 1
1 1354100 1
1 1354285 1
1 1354285 1
1 1354285 1
1 1354459 1
1 1354459 1
1 1355171 1
1 1355171 1
1 1355171 1
1 1355171 2
1 1355906 2
1 1355906 3
1 1355906 3
1 1355906 11
1 1355906 3
1 1358201 1
1 1362457 7
1 1362457 1
1 1362457 1
1 1362457 3
1 1362457 1
1 1362897 1
1 1367931 2
1 1367931 1
1 1367931 1
1 1367931 1
1 1367931 1
1 1367931 1
1 1375526 1
1 1375526 1
1 1375526 1
1 1375526 1
1 1377784 1
1 1378935 1
1 1378935 1
1 1378935 1
1 1378935 1
1 1378935 1
1 1378935 1
1 1378935 1
1 1379848 1
1 1379848 2
1 1379848 1
1 1382812 1
1 1388724 2
1 1388724 1
1 1388724 5
1 1388724 1
1 1388724 1
1 1388724 1
1 1390591 1
1 1397909 1
1 1397909 2
1 1397909 3
1 1397909 4
1 1398110 1
1 1398110 3
1 1398110 1
1 1399800 1
1 1399800 7
1 1399800 1
1 1400180 2
1 1400180 1
1 1401087 1
1 1401087 1
1 1401998 1
1 1401998 1
1 1401998 1
1 1401998 1
1 1401998 1
1 1401998 5
1 1403403 2
1 1403403 1
1 1403403 1
1 1404453 1
1 1404453 1
1 1404453 2
1 1404453 3
1 1404493 1
1 1404493 1
1 1404493 1
1 1404493 1
1 1404493 1
1 1404493 5
1 1405045 2
1 1406757 3
1 1406757 1
1 1410131 1
1 1410131 1
1 1411942 1
1 1411942 6
1 1412172 1
1 1412172 89
1 1412172 5
1 1412172 2
1 1413552 3
1 1413552 2
1 1413552 1
1 1413552 1
1 1413552 2
1 1415077 1
1 1415077 1
1 1415077 1
1 1416381 1
1 1416381 1
1 1416381 3
1 1416381 2
1 1417278 1
1 1417278 1
1 1417278 1
1 1417278 1
1 1417485 3
1 1417485 1
1 1417485 1
1 1418945 1
1 1418945 1
1 1419037 1
1 1419037 1
1 1419037 1
1 1419037 2
1 1419037 2
1 1419037 1
1 1419044 1
1 1419044 1
1 1419044 1
1 1419044 1
1 1420093 1
1 1420093 203
1 1420305 2
1 1420305 1
1 1421245 1
1 1421245 1
1 1421245 1
1 1421245 1
1 1421245 1
1 1424602 1
1 1424602 1
1 1424989 1
1 1424989 1
1 1424989 1
1 1424989 1
1 1426029 1
1 1426029 1
1 1426723 1
1 1426723 18
1 1427522 1
1 1428666 1
1 1428666 1
1 1434920 1
1 1434920 1
1 1435938 2
1 1435938 1
1 1436297 3
1 1436297 1
1 1436297 4
1 1436297 1
1 1437335 1
1 1437335 1
1 1437335 1
1 1440981 2
1 1440981 2
1 1440981 1
1 1440981 1
1 1441008 2
1 1441008 1
1 1441008 1
1 1441008 1
1 1446589 1
1 1446589 2
1 1447464 1
1 1447464 1
1 1447464 1
1 1447464 1
1 1447559 1
1 1447559 1
1 1447559 42
1 1448262 1
1 1448262 1
1 1448262 1
1 1451417 1
1 1451417 1
1 1451417 1
1 1453292 1
1 1453292 1
1 1453292 1
1 1453292 2
1 1453339 2
1 1454097 2
1 1454097 1
1 1454410 2
1 1454410 2
1 1454410 4
1 1454752 1
1 1455047 1
1 1455047 1
1 1456046 1
1 1456046 1
1 1456046 1
1 1456046 1
1 1456365 1
1 1456365 1
1 1456365 1
1 1456365 1
1 1457577 1
1 1457577 1
1 1457828 1
1 1457828 1
1 1457828 1
1 1457828 1
1 1459421 11
1 1463762 2
1 1463762 1
1 1465460 1
1 1465460 1
1 1465460 1
1 1467567 1
1 1468044 1
1 1468044 4
1 1468044 1
1 1468044 1
1 1470729 2
1 1470729 1
1 1470729 1
1 1470729 1
1 1470729 1
1 1471079 1
1 1471079 1
1 1473928 2
1 1473928 9
1 1473928 1
1 1473928 1
1 1473928 1
1 1473928 9
1 1475578 1
1 1475578 2
1 1475578 2
1 1478973 1
1 1478973 1
1 1480538 2
1 1480538 1
1 1480538 4
1 1480538 1
1 1480538 1
1 1481597 1
1 1483424 1
1 1484863 1
1 1484863 1
1 1485420 1
1 1485420 1
1 1485420 1
1 1485603 3
1 1485603 1
1 1485603 1
1 1485603 1
1 1486177 9
1 1486177 1
1 1486177 1
1 1486177 1
1 1486177 1
1 1486334 1
1 1486790 2
1 1486790 163
1 1486790 1
1 1486790 1
1 1491316 1
1 1491316 1
1 1496408 1
1 1496408 1
1 1496408 2
1 1496408 1
1 1498249 2
1 1499055 1
1 1499055 1
1 1500748 1
1 1500748 2
1 1500748 4
1 1503023 1
1 1503023 1
1 1503023 36
1 1503658 1
1 1503658 6
1 1508465 2
1 1508465 3
1 1508465 2
1 1508665 7
1 1508665 2
1 1508665 1
1 1508665 1
1 1518778 1
1 1518778 1
1 1518778 1
1 1518778 2
1 1518778 1
1 1518778 1
1 1519782 2
1 1519782 1
1 1520829 1
1 1523517 1
1 1523517 1
1 1523517 2
1 1525002 2
1 1525002 1
1 1525002 1
1 1525002 4
1 1525002 1
1 1526597 1
1 1526597 1
1 1526597 10
1 1526597 1
1 1526597 1
1 1526597 1
1 1527524 1
1 1528669 1
1 1528669 1
1 1529791 1
1 1529791 1
1 1529791 2
1 1529791 1
1 1529791 1
1 1534024 1
1 1534820 4
1 1534820 3
1 1535600 1
1 1535911 1
1 1535911 1
1 1539762 1
1 1539762 1
1 1539762 1
1 1540097 1
1 1540097 2
1 1540097 1
1 1541363 1
1 1541363 1
1 1541363 1
1 1541363 3
1 1543122 1
1 1543122 1
1 1543122 1
1 1543122 1
1 1543673 1
1 1543673 4
1 1543673 2
1 1543673 6
1 1543673 5
1 1543673 4
1 1543673 1
1 1547849 1
1 1547938 5
1 1547938 2
1 1547938 10
1 1547938 2
1 1548267 1
1 1548267 1
1 1548267 1
1 1548267 1
1 1553881 1
1 1553881 10
1 1554410 7
1 1554410 1
1 1554410 1
1 1554410 1
1 1555290 1
1 1555290 1
1 1557544 1
1 1557544 2
1 1557544 2
1 1557888 10
1 1561069 1
1 1561430 1
1 1561430 3
1 1561430 1
1 1561430 1
1 1561430 1
1 1565423 1
1 1568460 1
1 1568460 3
1 1568460 1
1 1568460 1
1 1568460 1
1 1568460 1
1 1576410 1
1 1576410 2
1 1577789 2
1 1577789 1
1 1577789 2
1 1577789 2
1 1577789 3
1 1579261 1
1 1579261 1
1 1579261 2
1 1579715 1
1 1579715 1
1 1579715 1
1 1582359 1
1 1582359 1
1 1582553 1
1 1582553 6
1 1582553 2
1 1582553 1
1 1582553 1
1 1583291 2
1 1583291 4
1 1583291 1
1 1583291 1
1 1584081 1
1 1584081 2
1 1584081 2
1 1584081 2
1 1584081 4
1 1584124 1
1 1584124 1
1 1584124 1
1 1584124 1
1 1586090 2
1 1586090 9
1 1586090 2
1 1586090 1
1 1588275 1
1 1588275 2
1 1588275 1
1 1588275 1
1 1589646 5
1 1589994 1
1 1589994 4
1 1589994 1
1 1589994 1
1 1590060 1
1 1590060 1
1 1590966 1
1 1590966 1
1 1590966 1
1 1590966 1
1 1590966 1
1 1590966 2
1 1590966 1
1 1591378 1
1 1591378 1
1 1591378 2
1 1591378 1
1 1591378 1
1 1592946 2
1 1592946 1
1 1592946 1
1 1592946 3
1 1592946 1
1 1594829 1
1 1594829 1
1 1595572 1
1 1595572 2
1 1595572 5
1 1596012 1
1 1596012 1
1 1596012 873
1 1596012 1
1 1596655 6
1 1596655 1
1 1596655 2
1 1596655 1
1 1596879 1
1 1596879 1
1 1603536 1
1 1603536 1
1 1603536 1
1 1606543 3
1 1607342 11
1 1607342 1
1 1607342 1
1 1612968 25
1 1612968 1
1 1612968 1
1 1612968 1
1 1612968 1
1 1612968 1
1 1614488 1
1 1614488 1
1 1614488 1
1 1614488 11
1 1617481 1
1 1617481 1
1 1617481 1
1 1617481 1
1 1617481 1
1 1618415 1
1 1618415 2
1 1618415 2
1 1625906 1
1 1625906 1
1 1626902 1
1 1626902 1
1 1626902 1
1 1626984 7
1 1626984 1
1 1626984 3
1 1628538 1
1 1628538 1
1 1628538 1
1 1629410 1
1 1635842 1
1 1635842 1
1 1635842 1
1 1636491 1
1 1636491 1
1 1640222 1
1 1640222 1
1 1640258 1
1 1640258 1
1 1641998 1
1 1641998 1
1 1641998 1
1 1645114 2
1 1645114 1
1 1645338 1
1 1645338 1
1 1645338 3
1 1645338 1
1 1646016 1
1 1646318 1
1 1646318 3
1 1646318 1
1 1646318 1
1 1647314 1
1 1647314 1
1 1647314 3
1 1648407 1
1 1648407 1
1 1648407 1
1 1648407 1
1 1648407 1
1 1649376 1
1 1649376 2
1 1649376 2
1 1652802 1
1 1652802 1
1 1657646 1
1 1657646 1
1 1657646 1
1 1657646 1
1 1657646 1
1 1657741 1
1 1657741 1
1 1660239 2
1 1660239 1
1 1660239 2
1 1660481 1
1 1660481 1
1 1660481 1
1 1660481 1
1 1660610 2
1 1660610 1
1 1660610 1
1 1662917 1
1 1662917 1
1 1663617 4
1 1663617 1
1 1663617 7
1 1663617 1
1 1663617 1
1 1666758 1
1 1666758 26
1 1666758 11
1 1666758 1
1 1667131 1
1 1667131 1
1 1667276 1
1 1669272 1
1 1669272 1
1 1669272 5
1 1669832 1
1 1669832 1
1 1669832 1
1 1673073 4
1 1673073 1
1 1673073 1
1 1673073 1
1 1673545 1
1 1673545 1
1 1673545 1
1 1675234 1
1 1675234 1
1 1675234 6
1 1678054 1
1 1678054 1
1 1678054 61
1 1678155 1
1 1678155 79
1 1678155 1
1 1678155 1
1 1678155 1
1 1678756 36
1 1678756 5
1 1678760 1
1 1678760 6
1 1682992 3
1 1682992 1
1 1682992 1
1 1684419 4
1 1684419 1
1 1684419 2
1 1685242 1
1 1685242 1
1 1688577 1
1 1688577 1
1 1688577 1
1 1691857 1
1 1691857 1
1 1691857 4
1 1691857 1
1 1691857 1
1 1693054 1
1 1693054 1
1 1693054 1
1 1694945 1
1 1694945 1
1 1694945 1
1 1694945 1
1 1698278 1
1 1698278 1
1 1698278 5
1 1698278 1
1 1701874 1
1 1701874 2
1 1705560 1
1 1705560 1
1 1705560 2
1 1710886 3
1 1710886 1
1 1710886 1
1 1711425 1
1 1711552 1
1 1711552 1
1 1711552 1
1 1711552 1
1 1719336 2
1 1719336 1
1 1719336 2
1 1719336 1
1 1719336 1
1 1720905 1
1 1720905 1
1 1721120 1
1 1721120 4
1 1723155 1
1 1723155 2
1 1723155 1
1 1723262 4
1 1723262 1
1 1723262 1
1 1723914 2
1 1725838 1
1 1725838 298
1 1725838 1
1 1725838 2
1 1725838 7
1 1725956 2
1 1730966 2
1 1731467 11
1 1731467 1
1 1731467 1
1 1738423 4
1 1738423 1
1 1738423 1
1 1738423 1
1 1743951 1
1 1743951 3
1 1745818 1
1 1745818 1
1 1745818 1
1 1745818 1
1 1745818 2
1 1750790 2
1 1750790 1
1 1750790 1
1 1750790 1
1 1750987 2
1 1750987 1
1 1750987 2
1 1750987 1
1 1750987 1
1 1750987 1
1 1751587 1
1 1751587 1
1 1758424 1
1 1758424 1
1 1758424 1
1 1763936 1
1 1763936 1
1 1763936 7
1 1763936 1
1 1765993 1
1 1771157 1
1 1778664 1
1 1778664 1
1 1780858 1
1 1780858 1
1 1780858 1
1 1780858 1
1 1780858 1
1 1780858 1
1 1781145 9
1 1781145 1
1 1785095 1
1 1785095 2
1 1785095 1
1 1787664 1
1 1787664 1
1 1787664 1
1 1789226 1
1 1789226 1
1 1790177 2
1 1790177 1
1 1790177 1
1 1792502 4
1 1792502 1
1 1792502 1
1 1793218 3
1 1793218 1
1 1796629 1
1 1796629 1
1 1796629 2
1 1796629 2
1 1797993 1
1 1797993 1
1 1797993 1
1 1804132 1
1 1807653 1
1 1807653 1
1 1809060 1
1 1810638 1
1 1810638 1
1 1810638 5
1 1810638 1
1 1810638 3
1 1810638 1
1 1811261 1
1 1811261 1
1 1811261 1
1 1811261 1
1 1814491 1
1 1814491 1
1 1814491 1
1 1814491 1
1 1815328 1
1 1815328 2
1 1815328 1
1 1820180 1
1 1824005 1
1 1824005 5
1 1824005 5
1 1824005 1
1 1829159 1
1 1829159 1
1 1829159 150
1 1829159 1
1 1831840 38
1 1831840 36
1 1831840 1
1 1831840 1
1 1831840 2
1 1831860 1
1 1831860 8
1 1831860 1
1 1831860 6
1 1832720 1
1 1832720 1
1 1832720 1
1 1832720 3
1 1832720 2
1 1841015 1
1 1841015 4
1 1841015 3
1 1841993 1
1 1841993 1
1 1841993 1
1 1843612 1
1 1843612 1
1 1843612 1
1 1844536 78
1 1844536 1
1 1844536 1
1 1849511 1
1 1849511 1
1 1849511 3
1 1849511 1
1 1849511 1
1 1850107 1
1 1850107 1
1 1850107 1
1 1850107 2
1 1851077 1
1 1851077 5
1 1851077 1
1 1851077 1
1 1851077 1
1 1851077 1
1 1851077 1
1 1851077 1
1 1853129 2
1 1853129 1
1 1853129 1
1 1854467 1
1 1854467 1
1 1854467 1
1 1854467 1
1 1855748 4
1 1855748 1
1 1855748 1
1 1855748 1
1 1857375 1
1 1857375 1
1 1857375 1
1 1857375 8
1 1857375 1
1 1857375 1
1 1858268 1
1 1858268 1
1 1858268 2
1 1858659 1
1 1862549 1
1 1862549 22
1 1862549 1
1 1862616 1
1 1862616 1
1 1865380 1
1 1866279 9
1 1866279 1
1 1866279 1
1 1866279 1
1 1874535 1
1 1874535 1
1 1874535 1
1 1874535 2
1 1874535 4
1 1874535 1
1 1879082 1
1 1879082 1
1 1879082 1
1 1879082 1
1 1882523 1
1 1882523 1
1 1882523 1
1 1882957 1
1 1882957 1
1 1884423 17
1 1884423 1
1 1884423 1
1 1884423 8
1 1885116 1
1 1890101 1
1 1891186 2
1 1898913 1
1 1900197 1
1 1900197 1
1 1900197 1
1 1900197 1
1 1900197 1
1 1900318 2
1 1904143 1
1 1904143 2
1 1904143 1
1 1906060 13
1 1906060 1
1 1906855 1
1 1906855 1
1 1906855 1
1 1906855 1
1 1906855 6
1 1906855 1
1 1910953 17
1 1910953 1
1 1912563 3
1 1912563 1
1 1914770 22
1 1914770 1
1 1915368 2
1 1915368 1
1 1915368 9
1 1915368 3
1 1915368 1
1 1915368 1
1 1915368 1
1 1916706 3
1 1916706 1
1 1916706 1
1 1916706 2
1 1918869 1
1 1918869 1
1 1919068 1
1 1919068 1
1 1919068 1
1 1919068 1
1 1919068 6
1 1919068 10
1 1920364 1
1 1922245 1
1 1922245 1
1 1932447 1
1 1938509 1
1 1938509 2
1 1938509 1
1 1939220 1
1 1939220 4
1 1940357 2
1 1940357 1
1 1940357 1
1 1940357 1
1 1943362 1
1 1943362 1
1 1943673 1
1 1943673 1
1 1943673 1
1 1943673 1
1 1944307 1
1 1944307 1
1 1945302 1
1 1945302 1
1 1945302 42
1 1945302 1
1 1945302 1
1 1945302 1
1 1948038 2
1 1948975 2
1 1948975 1
1 1948975 1
1 1948975 22
1 1952321 1
1 1953027 1
1 1953027 1
1 1953027 1
1 1958369 2
1 1958369 1
1 1958369 1
1 1958369 1
1 1959456 1
1 1959456 2
1 1959456 2
1 1959456 1
1 1959456 1
1 1959456 2
1 1962125 3
1 1962125 2
1 1965317 3
1 1965317 1
1 1966494 1
1 1966494 1
1 1966494 1
1 1967963 1
1 1967963 1
1 1967963 1
1 1968667 1
1 1968667 2
1 1968667 2
1 1968667 1
1 1968667 1
1 1968667 2
1 1970490 1
1 1970490 3
1 1970490 2
1 1970490 1
1 1974825 1
1 1974825 2
1 1974825 5
1 1977117 1
1 1977117 1
1 1977117 1
1 1977117 2
1 1985256 1
1 1985256 6
1 1985256 1
1 1985256 1
1 1985844 3
1 1985844 1
1 1985844 1
1 1985844 3
1 1985844 1
1 1988470 1
1 1988470 1
1 1988470 2
1 1988470 2
1 1988470 1
1 1991206 3
1 1991206 1
1 1991206 1
1 1992172 1
1 1993455 1
1 1993455 1
1 1993822 1
1 1993822 1
1 1993822 1
1 1993822 1
1 1993822 1
1 1993822 2
1 1999116 1
1 1999116 1
1 1999116 2
