alter ego quoteProb
0 0 0.03703704
0 5 0.04347826
0 8 0.02777778
0 9 0.03703704
0 11 0.03703704
0 15 0.05882353
0 16 0.02500000
0 18 0.04545455
0 19 0.03225806
0 24 0.03333333
0 25 0.05263158
0 26 0.04545455
0 28 0.04000000
0 29 0.04761905
0 30 0.04761905
0 31 0.05555556
0 34 0.05263158
0 39 0.03448276
0 43 0.04347826
0 45 0.04166667
0 46 0.03125000
0 48 0.02380952
0 49 0.03448276
0 51 0.02941176
0 53 0.03846154
0 14 0.08333333
0 21 0.03846154
1 1 0.05555556
1 2 0.07692308
1 3 0.06666667
1 6 0.03333333
1 7 0.02702703
1 12 0.06666667
1 13 0.03448276
1 20 0.06250000
1 25 0.05263158
1 26 0.04545455
1 31 0.05555556
1 36 0.06250000
1 41 0.04545455
1 43 0.04347826
1 49 0.03448276
1 52 0.03448276
1 34 0.05263158
1 48 0.02380952
2 1 0.05555556
2 2 0.07692308
2 3 0.06666667
2 6 0.03333333
2 7 0.02702703
2 20 0.06250000
2 21 0.03846154
2 26 0.04545455
2 48 0.02380952
2 50 0.07142857
2 51 0.02941176
2 28 0.04000000
2 43 0.04347826
3 1 0.05555556
3 2 0.07692308
3 3 0.06666667
3 5 0.04347826
3 6 0.03333333
3 8 0.02777778
3 9 0.03703704
3 13 0.03448276
3 19 0.03225806
3 29 0.04761905
3 47 0.04761905
3 51 0.02941176
3 18 0.04545455
3 25 0.05263158
3 26 0.04545455
4 4 0.14285714
4 35 0.07692308
4 49 0.03448276
4 53 0.03846154
4 27 0.04761905
4 33 0.04545455
4 36 0.06250000
5 0 0.03703704
5 3 0.06666667
5 5 0.04347826
5 7 0.02702703
5 9 0.03703704
5 11 0.03703704
5 13 0.03448276
5 15 0.05882353
5 16 0.02500000
5 19 0.03225806
5 24 0.03333333
5 28 0.04000000
5 30 0.04761905
5 39 0.03448276
5 44 0.04761905
5 45 0.04166667
5 46 0.03125000
5 48 0.02380952
5 50 0.07142857
5 51 0.02941176
5 53 0.03846154
5 22 0.07692308
5 47 0.04761905
6 1 0.05555556
6 2 0.07692308
6 3 0.06666667
6 6 0.03333333
6 7 0.02702703
6 8 0.02777778
6 9 0.03703704
6 11 0.03703704
6 13 0.03448276
6 16 0.02500000
6 17 0.08333333
6 19 0.03225806
6 21 0.03846154
6 22 0.07692308
6 35 0.07692308
6 37 0.05263158
6 38 0.05263158
6 39 0.03448276
6 42 0.04761905
6 44 0.04761905
6 45 0.04166667
6 48 0.02380952
6 51 0.02941176
6 54 0.09090909
6 41 0.04545455
6 46 0.03125000
6 47 0.04761905
6 50 0.07142857
6 52 0.03448276
6 53 0.03846154
7 1 0.05555556
7 2 0.07692308
7 5 0.04347826
7 6 0.03333333
7 7 0.02702703
7 8 0.02777778
7 11 0.03703704
7 12 0.06666667
7 16 0.02500000
7 19 0.03225806
7 20 0.06250000
7 21 0.03846154
7 22 0.07692308
7 23 0.16666667
7 24 0.03333333
7 29 0.04761905
7 30 0.04761905
7 36 0.06250000
7 39 0.03448276
7 41 0.04545455
7 43 0.04347826
7 44 0.04761905
7 46 0.03125000
7 47 0.04761905
7 49 0.03448276
7 50 0.07142857
7 52 0.03448276
7 54 0.09090909
7 25 0.05263158
7 27 0.04761905
7 31 0.05555556
7 32 0.12500000
7 33 0.04545455
7 34 0.05263158
7 37 0.05263158
7 38 0.05263158
7 40 0.20000000
8 0 0.03703704
8 3 0.06666667
8 6 0.03333333
8 7 0.02702703
8 8 0.02777778
8 9 0.03703704
8 14 0.08333333
8 16 0.02500000
8 17 0.08333333
8 18 0.04545455
8 19 0.03225806
8 20 0.06250000
8 21 0.03846154
8 22 0.07692308
8 23 0.16666667
8 24 0.03333333
8 29 0.04761905
8 30 0.04761905
8 31 0.05555556
8 35 0.07692308
8 36 0.06250000
8 37 0.05263158
8 38 0.05263158
8 39 0.03448276
8 41 0.04545455
8 42 0.04761905
8 43 0.04347826
8 44 0.04761905
8 45 0.04166667
8 46 0.03125000
8 47 0.04761905
8 48 0.02380952
8 49 0.03448276
8 51 0.02941176
8 13 0.03448276
8 52 0.03448276
9 0 0.03703704
9 3 0.06666667
9 5 0.04347826
9 6 0.03333333
9 8 0.02777778
9 9 0.03703704
9 11 0.03703704
9 13 0.03448276
9 15 0.05882353
9 16 0.02500000
9 19 0.03225806
9 24 0.03333333
9 25 0.05263158
9 27 0.04761905
9 28 0.04000000
9 39 0.03448276
9 42 0.04761905
9 43 0.04347826
9 45 0.04166667
9 46 0.03125000
9 47 0.04761905
9 48 0.02380952
9 50 0.07142857
9 51 0.02941176
9 53 0.03846154
9 20 0.06250000
9 41 0.04545455
10 10 0.33333333
10 49 0.03448276
10 52 0.03448276
11 0 0.03703704
11 5 0.04347826
11 6 0.03333333
11 7 0.02702703
11 9 0.03703704
11 11 0.03703704
11 13 0.03448276
11 15 0.05882353
11 25 0.05263158
11 27 0.04761905
11 28 0.04000000
11 29 0.04761905
11 33 0.04545455
11 34 0.05263158
11 45 0.04166667
11 48 0.02380952
11 51 0.02941176
11 52 0.03448276
11 53 0.03846154
11 54 0.09090909
11 16 0.02500000
11 19 0.03225806
11 21 0.03846154
11 24 0.03333333
11 30 0.04761905
11 39 0.03448276
11 46 0.03125000
12 1 0.05555556
12 7 0.02702703
12 12 0.06666667
12 27 0.04761905
12 33 0.04545455
12 41 0.04545455
12 47 0.04761905
12 48 0.02380952
12 49 0.03448276
12 52 0.03448276
12 13 0.03448276
12 18 0.04545455
12 34 0.05263158
12 42 0.04761905
12 53 0.03846154
13 1 0.05555556
13 3 0.06666667
13 5 0.04347826
13 6 0.03333333
13 9 0.03703704
13 11 0.03703704
13 8 0.02777778
13 12 0.06666667
13 13 0.03448276
13 15 0.05882353
13 18 0.04545455
13 24 0.03333333
13 25 0.05263158
13 26 0.04545455
13 27 0.04761905
13 29 0.04761905
13 31 0.05555556
13 33 0.04545455
13 43 0.04347826
13 45 0.04166667
13 46 0.03125000
13 47 0.04761905
13 48 0.02380952
13 49 0.03448276
13 52 0.03448276
13 53 0.03846154
13 28 0.04000000
13 50 0.07142857
13 51 0.02941176
14 8 0.02777778
14 0 0.03703704
14 14 0.08333333
14 21 0.03846154
14 26 0.04545455
14 42 0.04761905
14 45 0.04166667
14 49 0.03448276
14 53 0.03846154
14 28 0.04000000
14 33 0.04545455
14 48 0.02380952
15 0 0.03703704
15 5 0.04347826
15 9 0.03703704
15 11 0.03703704
15 13 0.03448276
15 15 0.05882353
15 20 0.06250000
15 48 0.02380952
15 52 0.03448276
15 53 0.03846154
15 16 0.02500000
15 19 0.03225806
15 24 0.03333333
15 28 0.04000000
15 39 0.03448276
15 45 0.04166667
15 46 0.03125000
16 0 0.03703704
16 5 0.04347826
16 6 0.03333333
16 7 0.02702703
16 8 0.02777778
16 9 0.03703704
16 11 0.03703704
16 15 0.05882353
16 16 0.02500000
16 17 0.08333333
16 18 0.04545455
16 19 0.03225806
16 20 0.06250000
16 21 0.03846154
16 22 0.07692308
16 24 0.03333333
16 26 0.04545455
16 28 0.04000000
16 30 0.04761905
16 31 0.05555556
16 34 0.05263158
16 35 0.07692308
16 37 0.05263158
16 38 0.05263158
16 39 0.03448276
16 42 0.04761905
16 44 0.04761905
16 45 0.04166667
16 46 0.03125000
16 47 0.04761905
16 48 0.02380952
16 49 0.03448276
16 51 0.02941176
16 53 0.03846154
16 54 0.09090909
16 29 0.04761905
16 32 0.12500000
16 33 0.04545455
16 36 0.06250000
16 41 0.04545455
17 6 0.03333333
17 8 0.02777778
17 16 0.02500000
17 17 0.08333333
17 19 0.03225806
17 35 0.07692308
17 37 0.05263158
17 38 0.05263158
17 39 0.03448276
17 42 0.04761905
17 48 0.02380952
17 51 0.02941176
18 0 0.03703704
18 8 0.02777778
18 13 0.03448276
18 16 0.02500000
18 3 0.06666667
18 12 0.06666667
18 18 0.04545455
18 19 0.03225806
18 26 0.04545455
18 27 0.04761905
18 30 0.04761905
18 31 0.05555556
18 33 0.04545455
18 34 0.05263158
18 36 0.06250000
18 43 0.04347826
18 45 0.04166667
18 47 0.04761905
18 49 0.03448276
18 51 0.02941176
18 52 0.03448276
18 32 0.12500000
19 0 0.03703704
19 3 0.06666667
19 5 0.04347826
19 6 0.03333333
19 7 0.02702703
19 8 0.02777778
19 9 0.03703704
19 16 0.02500000
19 17 0.08333333
19 18 0.04545455
19 11 0.03703704
19 15 0.05882353
19 19 0.03225806
19 24 0.03333333
19 26 0.04545455
19 28 0.04000000
19 30 0.04761905
19 31 0.05555556
19 33 0.04545455
19 34 0.05263158
19 35 0.07692308
19 37 0.05263158
19 38 0.05263158
19 39 0.03448276
19 42 0.04761905
19 45 0.04166667
19 46 0.03125000
19 48 0.02380952
19 51 0.02941176
19 53 0.03846154
19 47 0.04761905
20 1 0.05555556
20 2 0.07692308
20 7 0.02702703
20 8 0.02777778
20 15 0.05882353
20 16 0.02500000
20 9 0.03703704
20 20 0.06250000
20 25 0.05263158
20 31 0.05555556
20 33 0.04545455
20 43 0.04347826
20 44 0.04761905
20 49 0.03448276
20 53 0.03846154
20 52 0.03448276
21 2 0.07692308
21 6 0.03333333
21 7 0.02702703
21 8 0.02777778
21 14 0.08333333
21 16 0.02500000
21 0 0.03703704
21 11 0.03703704
21 21 0.03846154
21 22 0.07692308
21 26 0.04545455
21 37 0.05263158
21 39 0.03448276
21 44 0.04761905
21 52 0.03448276
21 54 0.09090909
21 23 0.16666667
21 24 0.03333333
21 25 0.05263158
21 28 0.04000000
21 32 0.12500000
21 36 0.06250000
21 41 0.04545455
21 46 0.03125000
21 48 0.02380952
21 50 0.07142857
22 6 0.03333333
22 7 0.02702703
22 8 0.02777778
22 16 0.02500000
22 21 0.03846154
22 5 0.04347826
22 22 0.07692308
22 23 0.16666667
22 30 0.04761905
22 39 0.03448276
22 44 0.04761905
22 51 0.02941176
22 48 0.02380952
23 7 0.02702703
23 8 0.02777778
23 22 0.07692308
23 21 0.03846154
23 41 0.04545455
23 46 0.03125000
24 0 0.03703704
24 5 0.04347826
24 7 0.02702703
24 8 0.02777778
24 9 0.03703704
24 13 0.03448276
24 16 0.02500000
24 19 0.03225806
24 11 0.03703704
24 15 0.05882353
24 21 0.03846154
24 24 0.03333333
24 28 0.04000000
24 29 0.04761905
24 30 0.04761905
24 36 0.06250000
24 39 0.03448276
24 41 0.04545455
24 43 0.04347826
24 44 0.04761905
24 45 0.04166667
24 46 0.03125000
24 47 0.04761905
24 48 0.02380952
24 49 0.03448276
24 51 0.02941176
24 52 0.03448276
24 53 0.03846154
24 31 0.05555556
24 33 0.04545455
25 0 0.03703704
25 1 0.05555556
25 9 0.03703704
25 11 0.03703704
25 13 0.03448276
25 20 0.06250000
25 3 0.06666667
25 7 0.02702703
25 21 0.03846154
25 25 0.05263158
25 27 0.04761905
25 28 0.04000000
25 29 0.04761905
25 33 0.04545455
25 42 0.04761905
25 43 0.04347826
25 44 0.04761905
25 46 0.03125000
25 49 0.03448276
26 0 0.03703704
26 1 0.05555556
26 2 0.07692308
26 13 0.03448276
26 14 0.08333333
26 16 0.02500000
26 18 0.04545455
26 19 0.03225806
26 21 0.03846154
26 3 0.06666667
26 26 0.04545455
26 30 0.04761905
26 31 0.05555556
26 33 0.04545455
26 34 0.05263158
26 48 0.02380952
26 49 0.03448276
26 50 0.07142857
26 51 0.02941176
26 52 0.03448276
26 39 0.03448276
26 46 0.03125000
27 9 0.03703704
27 11 0.03703704
27 12 0.06666667
27 13 0.03448276
27 18 0.04545455
27 25 0.05263158
27 4 0.14285714
27 7 0.02702703
27 27 0.04761905
27 28 0.04000000
27 33 0.04545455
27 34 0.05263158
27 42 0.04761905
27 43 0.04347826
27 44 0.04761905
27 46 0.03125000
27 48 0.02380952
27 49 0.03448276
27 52 0.03448276
27 36 0.06250000
27 53 0.03846154
28 0 0.03703704
28 5 0.04347826
28 9 0.03703704
28 11 0.03703704
28 16 0.02500000
28 19 0.03225806
28 24 0.03333333
28 25 0.05263158
28 27 0.04761905
28 2 0.07692308
28 13 0.03448276
28 14 0.08333333
28 15 0.05882353
28 21 0.03846154
28 32 0.12500000
28 39 0.03448276
28 42 0.04761905
28 43 0.04347826
28 44 0.04761905
28 45 0.04166667
28 46 0.03125000
28 48 0.02380952
28 49 0.03448276
28 53 0.03846154
28 34 0.05263158
29 0 0.03703704
29 3 0.06666667
29 7 0.02702703
29 8 0.02777778
29 11 0.03703704
29 13 0.03448276
29 24 0.03333333
29 25 0.05263158
29 16 0.02500000
29 29 0.04761905
29 32 0.12500000
29 36 0.06250000
29 41 0.04545455
29 43 0.04347826
29 46 0.03125000
29 47 0.04761905
29 49 0.03448276
29 52 0.03448276
29 53 0.03846154
29 30 0.04761905
29 33 0.04545455
30 0 0.03703704
30 5 0.04347826
30 7 0.02702703
30 8 0.02777778
30 16 0.02500000
30 18 0.04545455
30 19 0.03225806
30 22 0.07692308
30 24 0.03333333
30 26 0.04545455
30 11 0.03703704
30 29 0.04761905
30 30 0.04761905
30 31 0.05555556
30 34 0.05263158
30 39 0.03448276
30 44 0.04761905
30 45 0.04166667
30 47 0.04761905
30 48 0.02380952
30 51 0.02941176
31 0 0.03703704
31 1 0.05555556
31 8 0.02777778
31 13 0.03448276
31 16 0.02500000
31 18 0.04545455
31 19 0.03225806
31 20 0.06250000
31 26 0.04545455
31 30 0.04761905
31 7 0.02702703
31 24 0.03333333
31 31 0.05555556
31 34 0.05263158
31 41 0.04545455
31 48 0.02380952
31 49 0.03448276
31 51 0.02941176
32 28 0.04000000
32 29 0.04761905
32 7 0.02702703
32 16 0.02500000
32 18 0.04545455
32 21 0.03846154
32 32 0.12500000
32 48 0.02380952
33 11 0.03703704
33 12 0.06666667
33 13 0.03448276
33 18 0.04545455
33 19 0.03225806
33 20 0.06250000
33 25 0.05263158
33 26 0.04545455
33 27 0.04761905
33 4 0.14285714
33 7 0.02702703
33 14 0.08333333
33 16 0.02500000
33 24 0.03333333
33 29 0.04761905
33 33 0.04545455
33 36 0.06250000
33 38 0.05263158
33 47 0.04761905
33 48 0.02380952
33 51 0.02941176
33 42 0.04761905
34 0 0.03703704
34 11 0.03703704
34 16 0.02500000
34 18 0.04545455
34 19 0.03225806
34 26 0.04545455
34 27 0.04761905
34 30 0.04761905
34 31 0.05555556
34 1 0.05555556
34 7 0.02702703
34 12 0.06666667
34 28 0.04000000
34 34 0.05263158
34 48 0.02380952
34 49 0.03448276
34 51 0.02941176
34 52 0.03448276
34 53 0.03846154
35 4 0.14285714
35 6 0.03333333
35 8 0.02777778
35 16 0.02500000
35 17 0.08333333
35 19 0.03225806
35 35 0.07692308
35 37 0.05263158
35 38 0.05263158
35 39 0.03448276
35 42 0.04761905
35 48 0.02380952
35 51 0.02941176
36 1 0.05555556
36 7 0.02702703
36 8 0.02777778
36 18 0.04545455
36 24 0.03333333
36 29 0.04761905
36 33 0.04545455
36 4 0.14285714
36 16 0.02500000
36 21 0.03846154
36 27 0.04761905
36 36 0.06250000
36 41 0.04545455
36 43 0.04347826
36 49 0.03448276
36 52 0.03448276
37 6 0.03333333
37 8 0.02777778
37 16 0.02500000
37 17 0.08333333
37 19 0.03225806
37 21 0.03846154
37 35 0.07692308
37 7 0.02702703
37 38 0.05263158
37 39 0.03448276
37 40 0.20000000
37 42 0.04761905
37 44 0.04761905
37 48 0.02380952
37 51 0.02941176
37 52 0.03448276
37 54 0.09090909
37 41 0.04545455
37 46 0.03125000
38 6 0.03333333
38 8 0.02777778
38 16 0.02500000
38 17 0.08333333
38 19 0.03225806
38 33 0.04545455
38 35 0.07692308
38 37 0.05263158
38 7 0.02702703
38 38 0.05263158
38 39 0.03448276
38 40 0.20000000
38 41 0.04545455
38 42 0.04761905
38 46 0.03125000
38 48 0.02380952
38 51 0.02941176
38 52 0.03448276
38 54 0.09090909
39 0 0.03703704
39 5 0.04347826
39 6 0.03333333
39 7 0.02702703
39 8 0.02777778
39 9 0.03703704
39 16 0.02500000
39 17 0.08333333
39 19 0.03225806
39 21 0.03846154
39 22 0.07692308
39 24 0.03333333
39 28 0.04000000
39 30 0.04761905
39 35 0.07692308
39 37 0.05263158
39 38 0.05263158
39 11 0.03703704
39 15 0.05882353
39 26 0.04545455
39 40 0.20000000
39 42 0.04761905
39 45 0.04166667
39 46 0.03125000
39 48 0.02380952
39 51 0.02941176
39 52 0.03448276
39 53 0.03846154
39 41 0.04545455
40 37 0.05263158
40 38 0.05263158
40 39 0.03448276
40 7 0.02702703
40 54 0.09090909
41 1 0.05555556
41 7 0.02702703
41 8 0.02777778
41 12 0.06666667
41 23 0.16666667
41 24 0.03333333
41 29 0.04761905
41 31 0.05555556
41 36 0.06250000
41 38 0.05263158
41 6 0.03333333
41 9 0.03703704
41 16 0.02500000
41 21 0.03846154
41 37 0.05263158
41 39 0.03448276
41 41 0.04545455
41 42 0.04761905
41 43 0.04347826
41 46 0.03125000
41 47 0.04761905
41 49 0.03448276
42 6 0.03333333
42 8 0.02777778
42 9 0.03703704
42 14 0.08333333
42 16 0.02500000
42 17 0.08333333
42 19 0.03225806
42 25 0.05263158
42 27 0.04761905
42 28 0.04000000
42 35 0.07692308
42 37 0.05263158
42 38 0.05263158
42 39 0.03448276
42 41 0.04545455
42 12 0.06666667
42 33 0.04545455
42 42 0.04761905
42 43 0.04347826
42 48 0.02380952
42 51 0.02941176
43 0 0.03703704
43 1 0.05555556
43 7 0.02702703
43 8 0.02777778
43 9 0.03703704
43 13 0.03448276
43 18 0.04545455
43 20 0.06250000
43 24 0.03333333
43 25 0.05263158
43 27 0.04761905
43 28 0.04000000
43 29 0.04761905
43 36 0.06250000
43 41 0.04545455
43 42 0.04761905
43 2 0.07692308
43 43 0.04347826
43 49 0.03448276
43 52 0.03448276
43 53 0.03846154
43 48 0.02380952
43 51 0.02941176
44 5 0.04347826
44 6 0.03333333
44 7 0.02702703
44 8 0.02777778
44 16 0.02500000
44 20 0.06250000
44 21 0.03846154
44 22 0.07692308
44 24 0.03333333
44 25 0.05263158
44 27 0.04761905
44 28 0.04000000
44 30 0.04761905
44 37 0.05263158
44 44 0.04761905
44 45 0.04166667
44 46 0.03125000
44 48 0.02380952
44 49 0.03448276
44 51 0.02941176
44 54 0.09090909
45 0 0.03703704
45 5 0.04347826
45 6 0.03333333
45 8 0.02777778
45 9 0.03703704
45 11 0.03703704
45 13 0.03448276
45 14 0.08333333
45 16 0.02500000
45 18 0.04545455
45 19 0.03225806
45 24 0.03333333
45 28 0.04000000
45 30 0.04761905
45 39 0.03448276
45 44 0.04761905
45 15 0.05882353
45 45 0.04166667
45 46 0.03125000
45 48 0.02380952
45 50 0.07142857
45 51 0.02941176
45 53 0.03846154
45 47 0.04761905
46 0 0.03703704
46 5 0.04347826
46 7 0.02702703
46 8 0.02777778
46 9 0.03703704
46 13 0.03448276
46 16 0.02500000
46 19 0.03225806
46 23 0.16666667
46 24 0.03333333
46 25 0.05263158
46 27 0.04761905
46 28 0.04000000
46 29 0.04761905
46 38 0.05263158
46 39 0.03448276
46 41 0.04545455
46 44 0.04761905
46 45 0.04166667
46 6 0.03333333
46 11 0.03703704
46 15 0.05882353
46 21 0.03846154
46 26 0.04545455
46 37 0.05263158
46 46 0.03125000
46 48 0.02380952
46 49 0.03448276
46 52 0.03448276
46 53 0.03846154
46 54 0.09090909
46 50 0.07142857
47 3 0.06666667
47 7 0.02702703
47 8 0.02777778
47 9 0.03703704
47 12 0.06666667
47 13 0.03448276
47 16 0.02500000
47 18 0.04545455
47 24 0.03333333
47 29 0.04761905
47 30 0.04761905
47 33 0.04545455
47 41 0.04545455
47 5 0.04347826
47 6 0.03333333
47 19 0.03225806
47 45 0.04166667
47 47 0.04761905
47 48 0.02380952
47 51 0.02941176
47 52 0.03448276
48 0 0.03703704
48 2 0.07692308
48 5 0.04347826
48 6 0.03333333
48 8 0.02777778
48 9 0.03703704
48 11 0.03703704
48 12 0.06666667
48 13 0.03448276
48 15 0.05882353
48 16 0.02500000
48 17 0.08333333
48 19 0.03225806
48 24 0.03333333
48 26 0.04545455
48 27 0.04761905
48 28 0.04000000
48 30 0.04761905
48 31 0.05555556
48 32 0.12500000
48 33 0.04545455
48 34 0.05263158
48 35 0.07692308
48 37 0.05263158
48 38 0.05263158
48 39 0.03448276
48 42 0.04761905
48 44 0.04761905
48 45 0.04166667
48 46 0.03125000
48 47 0.04761905
48 1 0.05555556
48 14 0.08333333
48 21 0.03846154
48 22 0.07692308
48 43 0.04347826
48 48 0.02380952
48 49 0.03448276
48 50 0.07142857
48 51 0.02941176
48 52 0.03448276
48 53 0.03846154
49 0 0.03703704
49 1 0.05555556
49 4 0.14285714
49 7 0.02702703
49 8 0.02777778
49 10 0.33333333
49 12 0.06666667
49 13 0.03448276
49 14 0.08333333
49 16 0.02500000
49 18 0.04545455
49 20 0.06250000
49 24 0.03333333
49 25 0.05263158
49 26 0.04545455
49 27 0.04761905
49 28 0.04000000
49 29 0.04761905
49 31 0.05555556
49 34 0.05263158
49 36 0.06250000
49 41 0.04545455
49 43 0.04347826
49 44 0.04761905
49 46 0.03125000
49 48 0.02380952
49 49 0.03448276
49 51 0.02941176
49 53 0.03846154
50 2 0.07692308
50 5 0.04347826
50 7 0.02702703
50 9 0.03703704
50 26 0.04545455
50 45 0.04166667
50 48 0.02380952
50 6 0.03333333
50 13 0.03448276
50 21 0.03846154
50 46 0.03125000
50 50 0.07142857
50 51 0.02941176
50 52 0.03448276
51 0 0.03703704
51 2 0.07692308
51 3 0.06666667
51 5 0.04347826
51 6 0.03333333
51 8 0.02777778
51 9 0.03703704
51 11 0.03703704
51 16 0.02500000
51 17 0.08333333
51 18 0.04545455
51 19 0.03225806
51 22 0.07692308
51 24 0.03333333
51 26 0.04545455
51 30 0.04761905
51 31 0.05555556
51 33 0.04545455
51 34 0.05263158
51 35 0.07692308
51 37 0.05263158
51 38 0.05263158
51 39 0.03448276
51 42 0.04761905
51 44 0.04761905
51 45 0.04166667
51 47 0.04761905
51 48 0.02380952
51 49 0.03448276
51 50 0.07142857
51 13 0.03448276
51 43 0.04347826
51 51 0.02941176
51 52 0.03448276
52 1 0.05555556
52 7 0.02702703
52 10 0.33333333
52 11 0.03703704
52 12 0.06666667
52 13 0.03448276
52 15 0.05882353
52 18 0.04545455
52 21 0.03846154
52 24 0.03333333
52 26 0.04545455
52 27 0.04761905
52 29 0.04761905
52 34 0.05263158
52 36 0.06250000
52 37 0.05263158
52 38 0.05263158
52 39 0.03448276
52 43 0.04347826
52 46 0.03125000
52 48 0.02380952
52 50 0.07142857
52 51 0.02941176
52 6 0.03333333
52 8 0.02777778
52 20 0.06250000
52 47 0.04761905
52 52 0.03448276
52 53 0.03846154
53 0 0.03703704
53 4 0.14285714
53 5 0.04347826
53 9 0.03703704
53 11 0.03703704
53 13 0.03448276
53 14 0.08333333
53 15 0.05882353
53 16 0.02500000
53 19 0.03225806
53 20 0.06250000
53 24 0.03333333
53 28 0.04000000
53 29 0.04761905
53 34 0.05263158
53 39 0.03448276
53 43 0.04347826
53 45 0.04166667
53 46 0.03125000
53 48 0.02380952
53 49 0.03448276
53 52 0.03448276
53 6 0.03333333
53 12 0.06666667
53 27 0.04761905
53 53 0.03846154
54 6 0.03333333
54 7 0.02702703
54 11 0.03703704
54 16 0.02500000
54 21 0.03846154
54 37 0.05263158
54 38 0.05263158
54 40 0.20000000
54 44 0.04761905
54 46 0.03125000
54 54 0.09090909
