alter ego quoteProb
100 106 0.03571429
100 112 0.07692308
100 1 0.01219512
100 12 0.01219512
100 19 0.01369863
100 24 0.01818182
100 27 0.02222222
100 3 0.01020408
100 31 0.01449275
100 37 0.01886792
100 39 0.01818182
100 42 0.02272727
100 46 0.01639344
100 48 0.02000000
100 57 0.01818182
100 6 0.01492537
100 63 0.01449275
100 65 0.01234568
100 67 0.03571429
100 69 0.01694915
100 70 0.02777778
100 71 0.02222222
100 74 0.01785714
100 75 0.03030303
100 85 0.02439024
100 89 0.02857143
100 95 0.03030303
106 100 0.03703704
106 107 0.03846154
106 12 0.01219512
106 13 0.02127660
106 17 0.01694915
106 19 0.01369863
106 20 0.04761905
106 37 0.01886792
106 4 0.01265823
106 42 0.02272727
106 46 0.01639344
106 49 0.02127660
106 50 0.04347826
106 53 0.01724138
106 57 0.01818182
106 58 0.02222222
106 6 0.01492537
106 63 0.01449275
106 65 0.01234568
106 69 0.01694915
106 72 0.01612903
106 75 0.03030303
106 77 0.02439024
106 84 0.02857143
106 86 0.02325581
106 87 0.02040816
106 89 0.02857143
106 92 0.03571429
112 100 0.03703704
112 102 0.03703704
112 11 0.03703704
112 1 0.01219512
112 113 0.02272727
112 12 0.01219512
112 31 0.01449275
112 35 0.01785714
112 38 0.02631579
112 46 0.01639344
112 65 0.01234568
112 77 0.02439024
112 86 0.02325581
10 101 0.02173913
10 11 0.03703704
10 113 0.02272727
10 12 0.01219512
10 14 0.01639344
10 16 0.02272727
10 17 0.01694915
10 18 0.04000000
10 19 0.01369863
10 20 0.04761905
10 22 0.02702703
10 24 0.01818182
10 26 0.05000000
10 27 0.02222222
10 28 0.03448276
10 30 0.02173913
10 31 0.01449275
10 34 0.02222222
10 35 0.01785714
10 38 0.02631579
10 40 0.03225806
10 41 0.02564103
10 42 0.02272727
10 43 0.02380952
10 44 0.02380952
10 45 0.01785714
10 46 0.01639344
10 47 0.03333333
10 49 0.02127660
10 53 0.01724138
10 55 0.02857143
10 58 0.02222222
10 59 0.05555556
10 63 0.01449275
10 64 0.02272727
10 65 0.01234568
10 69 0.01694915
10 72 0.01612903
10 73 0.02857143
10 74 0.01785714
10 75 0.03030303
10 76 0.02564103
10 78 0.01960784
10 83 0.02500000
10 84 0.02857143
10 85 0.02439024
10 86 0.02325581
10 89 0.02857143
10 91 0.02380952
10 92 0.03571429
10 93 0.02500000
10 95 0.03030303
10 96 0.03030303
10 97 0.03571429
10 99 0.03703704
10 1 0.01219512
10 2 0.02941176
10 3 0.01020408
10 4 0.01265823
10 5 0.05263158
10 6 0.01492537
10 8 0.01754386
101 10 0.01612903
101 1 0.01219512
101 11 0.03703704
101 13 0.02127660
101 14 0.01639344
101 19 0.01369863
101 20 0.04761905
101 2 0.02941176
101 25 0.01515152
101 31 0.01449275
101 35 0.01785714
101 37 0.01886792
101 41 0.02564103
101 42 0.02272727
101 44 0.02380952
101 45 0.01785714
101 46 0.01639344
101 48 0.02000000
101 49 0.02127660
101 52 0.02564103
101 53 0.01724138
101 54 0.02000000
101 55 0.02857143
101 57 0.01818182
101 58 0.02222222
101 6 0.01492537
101 65 0.01234568
101 67 0.03571429
101 69 0.01694915
101 71 0.02222222
101 72 0.01612903
101 73 0.02857143
101 74 0.01785714
101 75 0.03030303
101 76 0.02564103
101 8 0.01754386
101 83 0.02500000
101 85 0.02439024
101 86 0.02325581
101 87 0.02040816
101 88 0.03125000
101 90 0.01639344
101 9 0.03225806
101 96 0.03030303
101 97 0.03571429
101 99 0.03703704
11 10 0.01612903
11 101 0.02173913
11 102 0.03703704
11 105 0.03448276
11 110 0.04347826
11 1 0.01219512
11 112 0.07692308
11 12 0.01219512
11 14 0.01639344
11 16 0.02272727
11 18 0.04000000
11 22 0.02702703
11 24 0.01818182
11 28 0.03448276
11 30 0.02173913
11 39 0.01818182
11 50 0.04347826
11 52 0.02564103
11 57 0.01818182
11 72 0.01612903
11 76 0.02564103
11 84 0.02857143
11 93 0.02500000
11 2 0.02941176
11 3 0.01020408
11 4 0.01265823
11 6 0.01492537
113 10 0.01612903
113 102 0.03703704
113 107 0.03846154
113 108 0.04545455
113 1 0.01219512
113 112 0.07692308
113 12 0.01219512
113 13 0.02127660
113 14 0.01639344
113 16 0.02272727
113 17 0.01694915
113 18 0.04000000
113 19 0.01369863
113 23 0.02702703
113 30 0.02173913
113 3 0.01020408
113 35 0.01785714
113 36 0.03225806
113 38 0.02631579
113 39 0.01818182
113 42 0.02272727
113 47 0.03333333
113 48 0.02000000
113 5 0.05263158
113 55 0.02857143
113 56 0.02777778
113 6 0.01492537
113 63 0.01449275
113 64 0.02272727
113 65 0.01234568
113 70 0.02777778
113 71 0.02222222
113 7 0.02857143
113 78 0.01960784
113 79 0.05000000
113 8 0.01754386
113 84 0.02857143
113 85 0.02439024
113 86 0.02325581
113 87 0.02040816
113 89 0.02857143
113 90 0.01639344
113 9 0.03225806
113 98 0.07142857
12 10 0.01612903
12 11 0.03703704
12 1 0.01219512
12 100 0.03703704
12 102 0.03703704
12 106 0.03571429
12 107 0.03846154
12 109 0.08333333
12 112 0.07692308
12 113 0.02272727
12 13 0.02127660
12 14 0.01639344
12 15 0.02222222
12 16 0.02272727
12 17 0.01694915
12 19 0.01369863
12 20 0.04761905
12 23 0.02702703
12 24 0.01818182
12 25 0.01515152
12 26 0.05000000
12 27 0.02222222
12 28 0.03448276
12 30 0.02173913
12 31 0.01449275
12 32 0.04545455
12 33 0.05882353
12 34 0.02222222
12 35 0.01785714
12 36 0.03225806
12 37 0.01886792
12 38 0.02631579
12 39 0.01818182
12 42 0.02272727
12 43 0.02380952
12 44 0.02380952
12 45 0.01785714
12 46 0.01639344
12 47 0.03333333
12 48 0.02000000
12 49 0.02127660
12 52 0.02564103
12 53 0.01724138
12 54 0.02000000
12 57 0.01818182
12 58 0.02222222
12 60 0.04761905
12 61 0.08333333
12 63 0.01449275
12 64 0.02272727
12 65 0.01234568
12 66 0.03030303
12 67 0.03571429
12 68 0.06250000
12 69 0.01694915
12 70 0.02777778
12 71 0.02222222
12 72 0.01612903
12 74 0.01785714
12 75 0.03030303
12 76 0.02564103
12 77 0.02439024
12 78 0.01960784
12 81 0.05555556
12 82 0.09090909
12 83 0.02500000
12 85 0.02439024
12 87 0.02040816
12 88 0.03125000
12 89 0.02857143
12 90 0.01639344
12 92 0.03571429
12 93 0.02500000
12 95 0.03030303
12 96 0.03030303
12 2 0.02941176
12 3 0.01020408
12 4 0.01265823
12 6 0.01492537
12 7 0.02857143
12 8 0.01754386
12 9 0.03225806
14 10 0.01612903
14 11 0.03703704
14 1 0.01219512
14 12 0.01219512
14 101 0.02173913
14 102 0.03703704
14 105 0.03448276
14 113 0.02272727
14 16 0.02272727
14 17 0.01694915
14 18 0.04000000
14 19 0.01369863
14 23 0.02702703
14 25 0.01515152
14 26 0.05000000
14 27 0.02222222
14 30 0.02173913
14 31 0.01449275
14 34 0.02222222
14 35 0.01785714
14 37 0.01886792
14 38 0.02631579
14 39 0.01818182
14 40 0.03225806
14 41 0.02564103
14 43 0.02380952
14 45 0.01785714
14 47 0.03333333
14 48 0.02000000
14 49 0.02127660
14 50 0.04347826
14 52 0.02564103
14 53 0.01724138
14 57 0.01818182
14 58 0.02222222
14 62 0.05882353
14 63 0.01449275
14 64 0.02272727
14 65 0.01234568
14 69 0.01694915
14 72 0.01612903
14 74 0.01785714
14 76 0.02564103
14 78 0.01960784
14 80 0.06666667
14 83 0.02500000
14 84 0.02857143
14 85 0.02439024
14 88 0.03125000
14 89 0.02857143
14 90 0.01639344
14 91 0.02380952
14 92 0.03571429
14 93 0.02500000
14 99 0.03703704
14 2 0.02941176
14 3 0.01020408
14 4 0.01265823
14 6 0.01492537
14 8 0.01754386
14 9 0.03225806
16 10 0.01612903
16 11 0.03703704
16 1 0.01219512
16 12 0.01219512
16 14 0.01639344
16 102 0.03703704
16 104 0.06666667
16 113 0.02272727
16 17 0.01694915
16 19 0.01369863
16 24 0.01818182
16 27 0.02222222
16 28 0.03448276
16 31 0.01449275
16 34 0.02222222
16 35 0.01785714
16 40 0.03225806
16 43 0.02380952
16 45 0.01785714
16 47 0.03333333
16 49 0.02127660
16 51 0.07692308
16 52 0.02564103
16 53 0.01724138
16 57 0.01818182
16 58 0.02222222
16 61 0.08333333
16 63 0.01449275
16 64 0.02272727
16 65 0.01234568
16 71 0.02222222
16 73 0.02857143
16 74 0.01785714
16 76 0.02564103
16 80 0.06666667
16 83 0.02500000
16 88 0.03125000
16 90 0.01639344
16 93 0.02500000
16 96 0.03030303
16 3 0.01020408
16 4 0.01265823
16 5 0.05263158
16 6 0.01492537
17 10 0.01612903
17 1 0.01219512
17 12 0.01219512
17 13 0.02127660
17 14 0.01639344
17 15 0.02222222
17 16 0.02272727
17 103 0.07692308
17 106 0.03571429
17 107 0.03846154
17 108 0.04545455
17 110 0.04347826
17 113 0.02272727
17 19 0.01369863
17 22 0.02702703
17 23 0.02702703
17 24 0.01818182
17 25 0.01515152
17 28 0.03448276
17 29 0.04545455
17 31 0.01449275
17 35 0.01785714
17 36 0.03225806
17 37 0.01886792
17 38 0.02631579
17 39 0.01818182
17 41 0.02564103
17 42 0.02272727
17 46 0.01639344
17 47 0.03333333
17 48 0.02000000
17 49 0.02127660
17 52 0.02564103
17 53 0.01724138
17 54 0.02000000
17 56 0.02777778
17 58 0.02222222
17 61 0.08333333
17 63 0.01449275
17 65 0.01234568
17 67 0.03571429
17 69 0.01694915
17 72 0.01612903
17 73 0.02857143
17 74 0.01785714
17 75 0.03030303
17 76 0.02564103
17 77 0.02439024
17 81 0.05555556
17 85 0.02439024
17 86 0.02325581
17 88 0.03125000
17 90 0.01639344
17 91 0.02380952
17 99 0.03703704
17 3 0.01020408
17 4 0.01265823
17 6 0.01492537
17 8 0.01754386
18 10 0.01612903
18 11 0.03703704
18 14 0.01639344
18 113 0.02272727
18 19 0.01369863
18 33 0.05882353
18 34 0.02222222
18 37 0.01886792
18 39 0.01818182
18 41 0.02564103
18 47 0.03333333
18 53 0.01724138
18 54 0.02000000
18 60 0.04761905
18 65 0.01234568
18 69 0.01694915
18 80 0.06666667
18 84 0.02857143
18 87 0.02040816
18 2 0.02941176
18 3 0.01020408
18 4 0.01265823
18 7 0.02857143
18 8 0.01754386
18 9 0.03225806
19 10 0.01612903
19 1 0.01219512
19 12 0.01219512
19 13 0.02127660
19 14 0.01639344
19 15 0.02222222
19 16 0.02272727
19 17 0.01694915
19 18 0.04000000
19 100 0.03703704
19 101 0.02173913
19 102 0.03703704
19 106 0.03571429
19 107 0.03846154
19 109 0.08333333
19 113 0.02272727
19 20 0.04761905
19 21 0.03703704
19 22 0.02702703
19 23 0.02702703
19 25 0.01515152
19 27 0.02222222
19 31 0.01449275
19 34 0.02222222
19 35 0.01785714
19 37 0.01886792
19 38 0.02631579
19 39 0.01818182
19 41 0.02564103
19 42 0.02272727
19 43 0.02380952
19 44 0.02380952
19 45 0.01785714
19 46 0.01639344
19 47 0.03333333
19 48 0.02000000
19 49 0.02127660
19 50 0.04347826
19 53 0.01724138
19 54 0.02000000
19 56 0.02777778
19 57 0.01818182
19 58 0.02222222
19 63 0.01449275
19 64 0.02272727
19 65 0.01234568
19 66 0.03030303
19 67 0.03571429
19 69 0.01694915
19 70 0.02777778
19 72 0.01612903
19 73 0.02857143
19 75 0.03030303
19 76 0.02564103
19 77 0.02439024
19 78 0.01960784
19 83 0.02500000
19 84 0.02857143
19 85 0.02439024
19 86 0.02325581
19 89 0.02857143
19 90 0.01639344
19 91 0.02380952
19 93 0.02500000
19 95 0.03030303
19 99 0.03703704
19 2 0.02941176
19 3 0.01020408
19 4 0.01265823
19 5 0.05263158
19 7 0.02857143
19 8 0.01754386
19 9 0.03225806
20 10 0.01612903
20 1 0.01219512
20 12 0.01219512
20 19 0.01369863
20 101 0.02173913
20 106 0.03571429
20 107 0.03846154
20 31 0.01449275
20 33 0.05882353
20 38 0.02631579
20 46 0.01639344
20 55 0.02857143
20 71 0.02222222
20 72 0.01612903
20 87 0.02040816
20 93 0.02500000
20 96 0.03030303
20 3 0.01020408
20 4 0.01265823
20 6 0.01492537
20 9 0.03225806
102 109 0.08333333
102 112 0.07692308
102 113 0.02272727
102 1 0.01219512
102 11 0.03703704
102 12 0.01219512
102 14 0.01639344
102 16 0.02272727
102 19 0.01369863
102 23 0.02702703
102 31 0.01449275
102 35 0.01785714
102 40 0.03225806
102 41 0.02564103
102 42 0.02272727
102 46 0.01639344
102 53 0.01724138
102 6 0.01492537
102 62 0.05882353
102 63 0.01449275
102 65 0.01234568
102 79 0.05000000
102 8 0.01754386
102 85 0.02439024
102 87 0.02040816
102 93 0.02500000
102 98 0.07142857
109 102 0.03703704
109 1 0.01219512
109 12 0.01219512
109 19 0.01369863
109 2 0.02941176
109 25 0.01515152
109 3 0.01020408
109 46 0.01639344
109 69 0.01694915
109 74 0.01785714
109 86 0.02325581
109 93 0.02500000
22 10 0.01612903
22 11 0.03703704
22 17 0.01694915
22 19 0.01369863
22 105 0.03448276
22 107 0.03846154
22 110 0.04347826
22 24 0.01818182
22 25 0.01515152
22 31 0.01449275
22 32 0.04545455
22 34 0.02222222
22 37 0.01886792
22 38 0.02631579
22 39 0.01818182
22 41 0.02564103
22 42 0.02272727
22 50 0.04347826
22 52 0.02564103
22 63 0.01449275
22 64 0.02272727
22 70 0.02777778
22 71 0.02222222
22 72 0.01612903
22 74 0.01785714
22 77 0.02439024
22 81 0.05555556
22 83 0.02500000
22 84 0.02857143
22 86 0.02325581
22 89 0.02857143
22 90 0.01639344
22 99 0.03703704
22 3 0.01020408
22 4 0.01265823
22 6 0.01492537
22 8 0.01754386
24 10 0.01612903
24 11 0.03703704
24 12 0.01219512
24 1 0.01219512
24 15 0.02222222
24 16 0.02272727
24 17 0.01694915
24 22 0.02702703
24 2 0.02941176
24 100 0.03703704
24 105 0.03448276
24 110 0.04347826
24 25 0.01515152
24 27 0.02222222
24 30 0.02173913
24 31 0.01449275
24 35 0.01785714
24 37 0.01886792
24 39 0.01818182
24 40 0.03225806
24 46 0.01639344
24 48 0.02000000
24 49 0.02127660
24 50 0.04347826
24 51 0.07692308
24 52 0.02564103
24 53 0.01724138
24 55 0.02857143
24 56 0.02777778
24 57 0.01818182
24 58 0.02222222
24 60 0.04761905
24 63 0.01449275
24 65 0.01234568
24 69 0.01694915
24 70 0.02777778
24 72 0.01612903
24 73 0.02857143
24 74 0.01785714
24 77 0.02439024
24 78 0.01960784
24 80 0.06666667
24 83 0.02500000
24 86 0.02325581
24 87 0.02040816
24 89 0.02857143
24 90 0.01639344
24 91 0.02380952
24 95 0.03030303
24 96 0.03030303
24 97 0.03571429
24 3 0.01020408
24 4 0.01265823
24 6 0.01492537
24 8 0.01754386
26 10 0.01612903
26 12 0.01219512
26 1 0.01219512
26 14 0.01639344
26 32 0.04545455
26 36 0.03225806
26 44 0.02380952
26 47 0.03333333
26 49 0.02127660
26 60 0.04761905
26 66 0.03030303
26 72 0.01612903
26 73 0.02857143
26 76 0.02564103
26 78 0.01960784
26 90 0.01639344
26 3 0.01020408
26 4 0.01265823
26 8 0.01754386
26 9 0.03225806
27 10 0.01612903
27 12 0.01219512
27 13 0.02127660
27 14 0.01639344
27 16 0.02272727
27 19 0.01369863
27 21 0.03703704
27 24 0.01818182
27 25 0.01515152
27 100 0.03703704
27 105 0.03448276
27 28 0.03448276
27 29 0.04545455
27 32 0.04545455
27 34 0.02222222
27 36 0.03225806
27 37 0.01886792
27 38 0.02631579
27 39 0.01818182
27 43 0.02380952
27 44 0.02380952
27 48 0.02000000
27 54 0.02000000
27 55 0.02857143
27 56 0.02777778
27 57 0.01818182
27 63 0.01449275
27 65 0.01234568
27 69 0.01694915
27 71 0.02222222
27 72 0.01612903
27 75 0.03030303
27 81 0.05555556
27 84 0.02857143
27 85 0.02439024
27 87 0.02040816
27 90 0.01639344
27 92 0.03571429
27 93 0.02500000
27 95 0.03030303
27 96 0.03030303
27 97 0.03571429
27 3 0.01020408
27 4 0.01265823
27 8 0.01754386
28 10 0.01612903
28 11 0.03703704
28 12 0.01219512
28 15 0.02222222
28 16 0.02272727
28 17 0.01694915
28 23 0.02702703
28 25 0.01515152
28 27 0.02222222
28 29 0.04545455
28 30 0.02173913
28 37 0.01886792
28 38 0.02631579
28 40 0.03225806
28 48 0.02000000
28 52 0.02564103
28 53 0.01724138
28 54 0.02000000
28 57 0.01818182
28 63 0.01449275
28 64 0.02272727
28 72 0.01612903
28 73 0.02857143
28 78 0.01960784
28 96 0.03030303
28 3 0.01020408
28 4 0.01265823
28 5 0.05263158
28 9 0.03225806
30 10 0.01612903
30 11 0.03703704
30 12 0.01219512
30 1 0.01219512
30 14 0.01639344
30 15 0.02222222
30 21 0.03703704
30 23 0.02702703
30 24 0.01818182
30 28 0.03448276
30 104 0.06666667
30 107 0.03846154
30 113 0.02272727
30 31 0.01449275
30 32 0.04545455
30 36 0.03225806
30 37 0.01886792
30 41 0.02564103
30 42 0.02272727
30 43 0.02380952
30 45 0.01785714
30 46 0.01639344
30 48 0.02000000
30 49 0.02127660
30 52 0.02564103
30 53 0.01724138
30 55 0.02857143
30 59 0.05555556
30 63 0.01449275
30 65 0.01234568
30 69 0.01694915
30 70 0.02777778
30 71 0.02222222
30 73 0.02857143
30 75 0.03030303
30 78 0.01960784
30 83 0.02500000
30 84 0.02857143
30 86 0.02325581
30 87 0.02040816
30 94 0.09090909
30 3 0.01020408
30 4 0.01265823
30 6 0.01492537
30 7 0.02857143
30 9 0.03225806
103 107 0.03846154
103 108 0.04545455
103 1 0.01219512
103 17 0.01694915
103 2 0.02941176
103 25 0.01515152
103 3 0.01020408
103 32 0.04545455
103 48 0.02000000
103 73 0.02857143
103 85 0.02439024
103 87 0.02040816
103 91 0.02380952
107 103 0.07692308
107 106 0.03571429
107 113 0.02272727
107 1 0.01219512
107 12 0.01219512
107 13 0.02127660
107 17 0.01694915
107 19 0.01369863
107 20 0.04761905
107 22 0.02702703
107 30 0.02173913
107 3 0.01020408
107 31 0.01449275
107 35 0.01785714
107 4 0.01265823
107 42 0.02272727
107 46 0.01639344
107 6 0.01492537
107 63 0.01449275
107 65 0.01234568
107 67 0.03571429
107 69 0.01694915
107 74 0.01785714
107 76 0.02564103
107 80 0.06666667
107 87 0.02040816
108 103 0.07692308
108 105 0.03448276
108 110 0.04347826
108 113 0.02272727
108 1 0.01219512
108 15 0.02222222
108 17 0.01694915
108 23 0.02702703
108 3 0.01020408
108 31 0.01449275
108 35 0.01785714
108 37 0.01886792
108 39 0.01818182
108 48 0.02000000
108 49 0.02127660
108 59 0.05555556
108 64 0.02272727
108 68 0.06250000
108 72 0.01612903
108 85 0.02439024
108 93 0.02500000
108 96 0.03030303
31 10 0.01612903
31 12 0.01219512
31 1 0.01219512
31 13 0.02127660
31 14 0.01639344
31 15 0.02222222
31 16 0.02272727
31 17 0.01694915
31 19 0.01369863
31 20 0.04761905
31 22 0.02702703
31 23 0.02702703
31 24 0.01818182
31 25 0.01515152
31 30 0.02173913
31 100 0.03703704
31 101 0.02173913
31 102 0.03703704
31 107 0.03846154
31 108 0.04545455
31 112 0.07692308
31 32 0.04545455
31 34 0.02222222
31 35 0.01785714
31 37 0.01886792
31 41 0.02564103
31 44 0.02380952
31 45 0.01785714
31 46 0.01639344
31 47 0.03333333
31 48 0.02000000
31 49 0.02127660
31 50 0.04347826
31 52 0.02564103
31 53 0.01724138
31 54 0.02000000
31 56 0.02777778
31 57 0.01818182
31 58 0.02222222
31 60 0.04761905
31 63 0.01449275
31 64 0.02272727
31 65 0.01234568
31 66 0.03030303
31 67 0.03571429
31 69 0.01694915
31 71 0.02222222
31 72 0.01612903
31 73 0.02857143
31 74 0.01785714
31 76 0.02564103
31 77 0.02439024
31 78 0.01960784
31 79 0.05000000
31 81 0.05555556
31 83 0.02500000
31 84 0.02857143
31 85 0.02439024
31 87 0.02040816
31 88 0.03125000
31 90 0.01639344
31 91 0.02380952
31 94 0.09090909
31 97 0.03571429
31 99 0.03703704
31 3 0.01020408
31 4 0.01265823
31 6 0.01492537
31 8 0.01754386
34 10 0.01612903
34 12 0.01219512
34 1 0.01219512
34 14 0.01639344
34 15 0.02222222
34 16 0.02272727
34 18 0.04000000
34 19 0.01369863
34 22 0.02702703
34 25 0.01515152
34 27 0.02222222
34 29 0.04545455
34 31 0.01449275
34 3 0.01020408
34 105 0.03448276
34 110 0.04347826
34 37 0.01886792
34 38 0.02631579
34 39 0.01818182
34 41 0.02564103
34 45 0.01785714
34 49 0.02127660
34 51 0.07692308
34 52 0.02564103
34 54 0.02000000
34 56 0.02777778
34 58 0.02222222
34 61 0.08333333
34 65 0.01234568
34 69 0.01694915
34 70 0.02777778
34 72 0.01612903
34 74 0.01785714
34 78 0.01960784
34 81 0.05555556
34 86 0.02325581
34 90 0.01639344
34 91 0.02380952
34 92 0.03571429
34 95 0.03030303
34 97 0.03571429
34 99 0.03703704
34 4 0.01265823
34 6 0.01492537
34 7 0.02857143
35 10 0.01612903
35 12 0.01219512
35 1 0.01219512
35 14 0.01639344
35 15 0.02222222
35 16 0.02272727
35 17 0.01694915
35 19 0.01369863
35 23 0.02702703
35 24 0.01818182
35 25 0.01515152
35 31 0.01449275
35 3 0.01020408
35 101 0.02173913
35 102 0.03703704
35 104 0.06666667
35 105 0.03448276
35 107 0.03846154
35 108 0.04545455
35 112 0.07692308
35 113 0.02272727
35 39 0.01818182
35 40 0.03225806
35 41 0.02564103
35 42 0.02272727
35 45 0.01785714
35 47 0.03333333
35 48 0.02000000
35 49 0.02127660
35 50 0.04347826
35 51 0.07692308
35 57 0.01818182
35 58 0.02222222
35 59 0.05555556
35 63 0.01449275
35 64 0.02272727
35 65 0.01234568
35 67 0.03571429
35 72 0.01612903
35 73 0.02857143
35 74 0.01785714
35 76 0.02564103
35 77 0.02439024
35 78 0.01960784
35 79 0.05000000
35 83 0.02500000
35 85 0.02439024
35 87 0.02040816
35 88 0.03125000
35 90 0.01639344
35 91 0.02380952
35 93 0.02500000
35 4 0.01265823
35 6 0.01492537
35 8 0.01754386
35 9 0.03225806
38 10 0.01612903
38 12 0.01219512
38 1 0.01219512
38 14 0.01639344
38 17 0.01694915
38 19 0.01369863
38 20 0.04761905
38 22 0.02702703
38 23 0.02702703
38 25 0.01515152
38 27 0.02222222
38 28 0.03448276
38 3 0.01020408
38 34 0.02222222
38 36 0.03225806
38 112 0.07692308
38 113 0.02272727
38 39 0.01818182
38 45 0.01785714
38 48 0.02000000
38 53 0.01724138
38 54 0.02000000
38 55 0.02857143
38 63 0.01449275
38 65 0.01234568
38 71 0.02222222
38 72 0.01612903
38 74 0.01785714
38 75 0.03030303
38 77 0.02439024
38 83 0.02500000
38 84 0.02857143
38 86 0.02325581
38 87 0.02040816
38 89 0.02857143
38 93 0.02500000
38 4 0.01265823
38 7 0.02857143
40 10 0.01612903
40 1 0.01219512
40 14 0.01639344
40 15 0.02222222
40 16 0.02272727
40 2 0.02941176
40 24 0.01818182
40 28 0.03448276
40 3 0.01020408
40 35 0.01785714
40 36 0.03225806
40 37 0.01886792
40 39 0.01818182
40 102 0.03703704
40 53 0.01724138
40 55 0.02857143
40 56 0.02777778
40 57 0.01818182
40 59 0.05555556
40 71 0.02222222
40 72 0.01612903
40 75 0.03030303
40 83 0.02500000
40 87 0.02040816
40 88 0.03125000
40 92 0.03571429
40 96 0.03030303
40 4 0.01265823
40 5 0.05263158
40 6 0.01492537
40 7 0.02857143
104 110 0.04347826
104 1 0.01219512
104 16 0.02272727
104 2 0.02941176
104 30 0.02173913
104 3 0.01020408
104 35 0.01785714
104 37 0.01886792
104 4 0.01265823
104 48 0.02000000
104 53 0.01724138
104 63 0.01449275
104 87 0.02040816
104 90 0.01639344
104 91 0.02380952
110 104 0.06666667
110 105 0.03448276
110 108 0.04545455
110 1 0.01219512
110 11 0.03703704
110 13 0.02127660
110 17 0.01694915
110 22 0.02702703
110 24 0.01818182
110 25 0.01515152
110 3 0.01020408
110 34 0.02222222
110 39 0.01818182
110 44 0.02380952
110 50 0.04347826
110 52 0.02564103
110 53 0.01724138
110 63 0.01449275
110 66 0.03030303
110 69 0.01694915
110 74 0.01785714
110 77 0.02439024
110 87 0.02040816
41 10 0.01612903
41 14 0.01639344
41 17 0.01694915
41 18 0.04000000
41 19 0.01369863
41 21 0.03703704
41 22 0.02702703
41 23 0.02702703
41 25 0.01515152
41 30 0.02173913
41 31 0.01449275
41 33 0.05882353
41 3 0.01020408
41 34 0.02222222
41 35 0.01785714
41 36 0.03225806
41 37 0.01886792
41 101 0.02173913
41 102 0.03703704
41 42 0.02272727
41 43 0.02380952
41 44 0.02380952
41 45 0.01785714
41 46 0.01639344
41 49 0.02127660
41 53 0.01724138
41 59 0.05555556
41 67 0.03571429
41 69 0.01694915
41 72 0.01612903
41 74 0.01785714
41 81 0.05555556
41 83 0.02500000
41 87 0.02040816
41 90 0.01639344
41 99 0.03703704
41 4 0.01265823
41 7 0.02857143
41 8 0.01754386
42 10 0.01612903
42 12 0.01219512
42 13 0.02127660
42 1 0.01219512
42 17 0.01694915
42 19 0.01369863
42 22 0.02702703
42 30 0.02173913
42 3 0.01020408
42 35 0.01785714
42 39 0.01818182
42 41 0.02564103
42 100 0.03703704
42 101 0.02173913
42 102 0.03703704
42 106 0.03571429
42 107 0.03846154
42 113 0.02272727
42 43 0.02380952
42 45 0.01785714
42 49 0.02127660
42 50 0.04347826
42 51 0.07692308
42 53 0.01724138
42 54 0.02000000
42 58 0.02222222
42 59 0.05555556
42 64 0.02272727
42 65 0.01234568
42 67 0.03571429
42 69 0.01694915
42 70 0.02777778
42 72 0.01612903
42 76 0.02564103
42 79 0.05000000
42 80 0.06666667
42 85 0.02439024
42 90 0.01639344
42 95 0.03030303
42 97 0.03571429
42 99 0.03703704
42 4 0.01265823
42 5 0.05263158
42 7 0.02857143
43 10 0.01612903
43 12 0.01219512
43 13 0.02127660
43 1 0.01219512
43 14 0.01639344
43 16 0.02272727
43 19 0.01369863
43 25 0.01515152
43 27 0.02222222
43 30 0.02173913
43 3 0.01020408
43 36 0.03225806
43 39 0.01818182
43 41 0.02564103
43 42 0.02272727
43 105 0.03448276
43 44 0.02380952
43 45 0.01785714
43 46 0.01639344
43 48 0.02000000
43 56 0.02777778
43 63 0.01449275
43 64 0.02272727
43 65 0.01234568
43 66 0.03030303
43 69 0.01694915
43 71 0.02222222
43 72 0.01612903
43 75 0.03030303
43 78 0.01960784
43 83 0.02500000
43 84 0.02857143
43 85 0.02439024
43 88 0.03125000
43 89 0.02857143
43 93 0.02500000
43 95 0.03030303
43 96 0.03030303
43 97 0.03571429
43 4 0.01265823
43 7 0.02857143
43 8 0.01754386
44 10 0.01612903
44 12 0.01219512
44 13 0.02127660
44 1 0.01219512
44 15 0.02222222
44 19 0.01369863
44 21 0.03703704
44 25 0.01515152
44 26 0.05000000
44 27 0.02222222
44 31 0.01449275
44 3 0.01020408
44 37 0.01886792
44 41 0.02564103
44 43 0.02380952
44 101 0.02173913
44 110 0.04347826
44 4 0.01265823
44 45 0.01785714
44 46 0.01639344
44 47 0.03333333
44 49 0.02127660
44 54 0.02000000
44 58 0.02222222
44 60 0.04761905
44 64 0.02272727
44 65 0.01234568
44 69 0.01694915
44 71 0.02222222
44 72 0.01612903
44 74 0.01785714
44 75 0.03030303
44 78 0.01960784
44 80 0.06666667
44 88 0.03125000
44 89 0.02857143
44 90 0.01639344
44 92 0.03571429
44 93 0.02500000
44 94 0.09090909
44 99 0.03703704
44 8 0.01754386
45 10 0.01612903
45 12 0.01219512
45 13 0.02127660
45 14 0.01639344
45 1 0.01219512
45 16 0.02272727
45 19 0.01369863
45 21 0.03703704
45 23 0.02702703
45 2 0.02941176
45 25 0.01515152
45 29 0.04545455
45 30 0.02173913
45 31 0.01449275
45 33 0.05882353
45 34 0.02222222
45 3 0.01020408
45 35 0.01785714
45 37 0.01886792
45 38 0.02631579
45 39 0.01818182
45 41 0.02564103
45 42 0.02272727
45 43 0.02380952
45 44 0.02380952
45 4 0.01265823
45 101 0.02173913
45 46 0.01639344
45 48 0.02000000
45 49 0.02127660
45 52 0.02564103
45 53 0.01724138
45 56 0.02777778
45 57 0.01818182
45 58 0.02222222
45 62 0.05882353
45 63 0.01449275
45 65 0.01234568
45 69 0.01694915
45 71 0.02222222
45 72 0.01612903
45 75 0.03030303
45 77 0.02439024
45 78 0.01960784
45 83 0.02500000
45 85 0.02439024
45 89 0.02857143
45 90 0.01639344
45 91 0.02380952
45 93 0.02500000
45 96 0.03030303
45 97 0.03571429
45 99 0.03703704
45 6 0.01492537
45 7 0.02857143
45 8 0.01754386
46 10 0.01612903
46 12 0.01219512
46 13 0.02127660
46 1 0.01219512
46 15 0.02222222
46 17 0.01694915
46 19 0.01369863
46 20 0.04761905
46 24 0.01818182
46 2 0.02941176
46 25 0.01515152
46 30 0.02173913
46 31 0.01449275
46 33 0.05882353
46 3 0.01020408
46 39 0.01818182
46 41 0.02564103
46 43 0.02380952
46 44 0.02380952
46 4 0.01265823
46 45 0.01785714
46 100 0.03703704
46 101 0.02173913
46 102 0.03703704
46 106 0.03571429
46 107 0.03846154
46 109 0.08333333
46 112 0.07692308
46 48 0.02000000
46 49 0.02127660
46 50 0.04347826
46 53 0.01724138
46 54 0.02000000
46 55 0.02857143
46 56 0.02777778
46 57 0.01818182
46 63 0.01449275
46 64 0.02272727
46 65 0.01234568
46 67 0.03571429
46 69 0.01694915
46 70 0.02777778
46 71 0.02222222
46 72 0.01612903
46 73 0.02857143
46 74 0.01785714
46 75 0.03030303
46 77 0.02439024
46 78 0.01960784
46 79 0.05000000
46 84 0.02857143
46 86 0.02325581
46 87 0.02040816
46 88 0.03125000
46 89 0.02857143
46 90 0.01639344
46 92 0.03571429
46 96 0.03030303
46 6 0.01492537
46 8 0.01754386
46 9 0.03225806
47 10 0.01612903
47 12 0.01219512
47 13 0.02127660
47 14 0.01639344
47 1 0.01219512
47 15 0.02222222
47 16 0.02272727
47 17 0.01694915
47 18 0.04000000
47 19 0.01369863
47 26 0.05000000
47 31 0.01449275
47 3 0.01020408
47 35 0.01785714
47 44 0.02380952
47 4 0.01265823
47 113 0.02272727
47 48 0.02000000
47 62 0.05882353
47 63 0.01449275
47 64 0.02272727
47 65 0.01234568
47 66 0.03030303
47 77 0.02439024
47 78 0.01960784
47 82 0.09090909
47 90 0.01639344
47 6 0.01492537
47 8 0.01754386
47 9 0.03225806
49 10 0.01612903
49 12 0.01219512
49 14 0.01639344
49 1 0.01219512
49 15 0.02222222
49 16 0.02272727
49 17 0.01694915
49 19 0.01369863
49 24 0.01818182
49 2 0.02941176
49 25 0.01515152
49 26 0.05000000
49 30 0.02173913
49 31 0.01449275
49 34 0.02222222
49 3 0.01020408
49 35 0.01785714
49 41 0.02564103
49 42 0.02272727
49 44 0.02380952
49 4 0.01265823
49 45 0.01785714
49 46 0.01639344
49 101 0.02173913
49 105 0.03448276
49 106 0.03571429
49 108 0.04545455
49 53 0.01724138
49 60 0.04761905
49 63 0.01449275
49 64 0.02272727
49 65 0.01234568
49 68 0.06250000
49 69 0.01694915
49 70 0.02777778
49 72 0.01612903
49 73 0.02857143
49 74 0.01785714
49 76 0.02564103
49 77 0.02439024
49 84 0.02857143
49 85 0.02439024
49 86 0.02325581
49 87 0.02040816
49 99 0.03703704
49 6 0.01492537
49 8 0.01754386
105 108 0.04545455
105 110 0.04347826
105 11 0.03703704
105 14 0.01639344
105 22 0.02702703
105 23 0.02702703
105 24 0.01818182
105 25 0.01515152
105 27 0.02222222
105 3 0.01020408
105 34 0.02222222
105 35 0.01785714
105 37 0.01886792
105 39 0.01818182
105 4 0.01265823
105 43 0.02380952
105 49 0.02127660
105 52 0.02564103
105 53 0.01724138
105 56 0.02777778
105 63 0.01449275
105 72 0.01612903
105 74 0.01785714
105 77 0.02439024
105 80 0.06666667
105 90 0.01639344
105 91 0.02380952
105 95 0.03030303
105 97 0.03571429
53 10 0.01612903
53 12 0.01219512
53 14 0.01639344
53 1 0.01219512
53 16 0.02272727
53 17 0.01694915
53 18 0.04000000
53 19 0.01369863
53 23 0.02702703
53 24 0.01818182
53 2 0.02941176
53 25 0.01515152
53 28 0.03448276
53 30 0.02173913
53 31 0.01449275
53 33 0.05882353
53 3 0.01020408
53 36 0.03225806
53 37 0.01886792
53 38 0.02631579
53 39 0.01818182
53 40 0.03225806
53 41 0.02564103
53 42 0.02272727
53 4 0.01265823
53 45 0.01785714
53 46 0.01639344
53 49 0.02127660
53 101 0.02173913
53 102 0.03703704
53 104 0.06666667
53 105 0.03448276
53 106 0.03571429
53 110 0.04347826
53 54 0.02000000
53 55 0.02857143
53 56 0.02777778
53 58 0.02222222
53 59 0.05555556
53 63 0.01449275
53 64 0.02272727
53 65 0.01234568
53 66 0.03030303
53 69 0.01694915
53 71 0.02222222
53 72 0.01612903
53 74 0.01785714
53 75 0.03030303
53 76 0.02564103
53 83 0.02500000
53 87 0.02040816
53 91 0.02380952
53 92 0.03571429
53 93 0.02500000
53 97 0.03571429
53 99 0.03703704
53 6 0.01492537
53 7 0.02857143
55 10 0.01612903
55 20 0.04761905
55 24 0.01818182
55 27 0.02222222
55 30 0.02173913
55 36 0.03225806
55 37 0.01886792
55 38 0.02631579
55 40 0.03225806
55 46 0.01639344
55 48 0.02000000
55 53 0.01724138
55 54 0.02000000
55 101 0.02173913
55 113 0.02272727
55 5 0.05263158
55 56 0.02777778
55 59 0.05555556
55 60 0.04761905
55 63 0.01449275
55 65 0.01234568
55 67 0.03571429
55 70 0.02777778
55 71 0.02222222
55 72 0.01612903
55 74 0.01785714
55 75 0.03030303
55 76 0.02564103
55 77 0.02439024
55 78 0.01960784
55 83 0.02500000
55 87 0.02040816
55 92 0.03571429
55 7 0.02857143
55 8 0.01754386
58 10 0.01612903
58 12 0.01219512
58 13 0.02127660
58 14 0.01639344
58 1 0.01219512
58 16 0.02272727
58 17 0.01694915
58 19 0.01369863
58 21 0.03703704
58 24 0.01818182
58 25 0.01515152
58 29 0.04545455
58 31 0.01449275
58 32 0.04545455
58 34 0.02222222
58 35 0.01785714
58 3 0.01020408
58 42 0.02272727
58 44 0.02380952
58 45 0.01785714
58 51 0.07692308
58 53 0.01724138
58 57 0.01818182
58 101 0.02173913
58 106 0.03571429
58 60 0.04761905
58 63 0.01449275
58 64 0.02272727
58 65 0.01234568
58 66 0.03030303
58 70 0.02777778
58 72 0.01612903
58 73 0.02857143
58 74 0.01785714
58 78 0.01960784
58 81 0.05555556
58 88 0.03125000
58 89 0.02857143
58 90 0.01639344
58 92 0.03571429
58 93 0.02500000
58 94 0.09090909
58 95 0.03030303
58 6 0.01492537
58 7 0.02857143
59 10 0.01612903
59 15 0.02222222
59 21 0.03703704
59 30 0.02173913
59 35 0.01785714
59 3 0.01020408
59 36 0.03225806
59 39 0.01818182
59 40 0.03225806
59 41 0.02564103
59 42 0.02272727
59 53 0.01724138
59 55 0.02857143
59 108 0.04545455
59 63 0.01449275
59 65 0.01234568
59 72 0.01612903
59 79 0.05000000
63 10 0.01612903
63 12 0.01219512
63 13 0.02127660
63 14 0.01639344
63 15 0.02222222
63 1 0.01219512
63 16 0.02272727
63 17 0.01694915
63 19 0.01369863
63 22 0.02702703
63 24 0.01818182
63 25 0.01515152
63 27 0.02222222
63 28 0.03448276
63 30 0.02173913
63 31 0.01449275
63 33 0.05882353
63 35 0.01785714
63 3 0.01020408
63 36 0.03225806
63 37 0.01886792
63 38 0.02631579
63 43 0.02380952
63 45 0.01785714
63 4 0.01265823
63 46 0.01639344
63 47 0.03333333
63 49 0.02127660
63 50 0.04347826
63 53 0.01724138
63 54 0.02000000
63 55 0.02857143
63 56 0.02777778
63 57 0.01818182
63 58 0.02222222
63 59 0.05555556
63 100 0.03703704
63 102 0.03703704
63 104 0.06666667
63 105 0.03448276
63 106 0.03571429
63 107 0.03846154
63 110 0.04347826
63 113 0.02272727
63 64 0.02272727
63 65 0.01234568
63 69 0.01694915
63 70 0.02777778
63 72 0.01612903
63 73 0.02857143
63 74 0.01785714
63 76 0.02564103
63 77 0.02439024
63 79 0.05000000
63 83 0.02500000
63 85 0.02439024
63 86 0.02325581
63 87 0.02040816
63 88 0.03125000
63 89 0.02857143
63 90 0.01639344
63 91 0.02380952
63 92 0.03571429
63 93 0.02500000
63 95 0.03030303
63 99 0.03703704
63 6 0.01492537
63 7 0.02857143
63 8 0.01754386
64 10 0.01612903
64 12 0.01219512
64 14 0.01639344
64 15 0.02222222
64 16 0.02272727
64 19 0.01369863
64 21 0.03703704
64 22 0.02702703
64 23 0.02702703
64 25 0.01515152
64 28 0.03448276
64 29 0.04545455
64 31 0.01449275
64 33 0.05882353
64 35 0.01785714
64 3 0.01020408
64 36 0.03225806
64 42 0.02272727
64 43 0.02380952
64 44 0.02380952
64 46 0.01639344
64 47 0.03333333
64 48 0.02000000
64 49 0.02127660
64 50 0.04347826
64 53 0.01724138
64 54 0.02000000
64 56 0.02777778
64 57 0.01818182
64 58 0.02222222
64 63 0.01449275
64 108 0.04545455
64 113 0.02272727
64 65 0.01234568
64 72 0.01612903
64 74 0.01785714
64 78 0.01960784
64 85 0.02439024
64 87 0.02040816
64 88 0.03125000
64 89 0.02857143
64 93 0.02500000
64 6 0.01492537
64 8 0.01754386
65 10 0.01612903
65 12 0.01219512
65 13 0.02127660
65 14 0.01639344
65 15 0.02222222
65 1 0.01219512
65 16 0.02272727
65 17 0.01694915
65 18 0.04000000
65 19 0.01369863
65 23 0.02702703
65 24 0.01818182
65 25 0.01515152
65 2 0.02941176
65 27 0.02222222
65 29 0.04545455
65 30 0.02173913
65 31 0.01449275
65 32 0.04545455
65 33 0.05882353
65 34 0.02222222
65 35 0.01785714
65 3 0.01020408
65 36 0.03225806
65 37 0.01886792
65 38 0.02631579
65 39 0.01818182
65 42 0.02272727
65 43 0.02380952
65 44 0.02380952
65 45 0.01785714
65 4 0.01265823
65 46 0.01639344
65 47 0.03333333
65 48 0.02000000
65 49 0.02127660
65 52 0.02564103
65 53 0.01724138
65 54 0.02000000
65 55 0.02857143
65 57 0.01818182
65 58 0.02222222
65 59 0.05555556
65 60 0.04761905
65 63 0.01449275
65 64 0.02272727
65 100 0.03703704
65 101 0.02173913
65 102 0.03703704
65 106 0.03571429
65 107 0.03846154
65 112 0.07692308
65 113 0.02272727
65 66 0.03030303
65 69 0.01694915
65 71 0.02222222
65 72 0.01612903
65 73 0.02857143
65 74 0.01785714
65 75 0.03030303
65 76 0.02564103
65 77 0.02439024
65 78 0.01960784
65 79 0.05000000
65 80 0.06666667
65 83 0.02500000
65 84 0.02857143
65 85 0.02439024
65 87 0.02040816
65 89 0.02857143
65 90 0.01639344
65 91 0.02380952
65 93 0.02500000
65 95 0.03030303
65 96 0.03030303
65 97 0.03571429
65 98 0.07142857
65 99 0.03703704
65 6 0.01492537
65 8 0.01754386
65 9 0.03225806
69 10 0.01612903
69 12 0.01219512
69 13 0.02127660
69 14 0.01639344
69 1 0.01219512
69 17 0.01694915
69 18 0.04000000
69 19 0.01369863
69 21 0.03703704
69 24 0.01818182
69 25 0.01515152
69 27 0.02222222
69 30 0.02173913
69 31 0.01449275
69 34 0.02222222
69 3 0.01020408
69 37 0.01886792
69 41 0.02564103
69 42 0.02272727
69 43 0.02380952
69 44 0.02380952
69 45 0.01785714
69 46 0.01639344
69 4 0.01265823
69 49 0.02127660
69 53 0.01724138
69 54 0.02000000
69 60 0.04761905
69 62 0.05882353
69 63 0.01449275
69 65 0.01234568
69 66 0.03030303
69 6 0.01492537
69 100 0.03703704
69 101 0.02173913
69 106 0.03571429
69 107 0.03846154
69 109 0.08333333
69 110 0.04347826
69 72 0.01612903
69 73 0.02857143
69 75 0.03030303
69 78 0.01960784
69 81 0.05555556
69 82 0.09090909
69 83 0.02500000
69 84 0.02857143
69 85 0.02439024
69 86 0.02325581
69 88 0.03125000
69 89 0.02857143
69 90 0.01639344
69 92 0.03571429
69 93 0.02500000
69 95 0.03030303
69 96 0.03030303
69 97 0.03571429
69 99 0.03703704
69 8 0.01754386
72 10 0.01612903
72 11 0.03703704
72 12 0.01219512
72 14 0.01639344
72 15 0.02222222
72 1 0.01219512
72 17 0.01694915
72 19 0.01369863
72 20 0.04761905
72 21 0.03703704
72 22 0.02702703
72 23 0.02702703
72 24 0.01818182
72 26 0.05000000
72 27 0.02222222
72 28 0.03448276
72 29 0.04545455
72 31 0.01449275
72 34 0.02222222
72 35 0.01785714
72 36 0.03225806
72 3 0.01020408
72 37 0.01886792
72 38 0.02631579
72 40 0.03225806
72 41 0.02564103
72 42 0.02272727
72 43 0.02380952
72 44 0.02380952
72 45 0.01785714
72 46 0.01639344
72 4 0.01265823
72 49 0.02127660
72 52 0.02564103
72 53 0.01724138
72 54 0.02000000
72 55 0.02857143
72 5 0.05263158
72 57 0.01818182
72 58 0.02222222
72 59 0.05555556
72 63 0.01449275
72 64 0.02272727
72 65 0.01234568
72 68 0.06250000
72 69 0.01694915
72 70 0.02777778
72 71 0.02222222
72 101 0.02173913
72 105 0.03448276
72 106 0.03571429
72 108 0.04545455
72 73 0.02857143
72 74 0.01785714
72 75 0.03030303
72 78 0.01960784
72 79 0.05000000
72 85 0.02439024
72 86 0.02325581
72 88 0.03125000
72 95 0.03030303
72 8 0.01754386
73 10 0.01612903
73 16 0.02272727
73 1 0.01219512
73 17 0.01694915
73 19 0.01369863
73 21 0.03703704
73 24 0.01818182
73 25 0.01515152
73 26 0.05000000
73 28 0.03448276
73 30 0.02173913
73 31 0.01449275
73 33 0.05882353
73 35 0.01785714
73 36 0.03225806
73 3 0.01020408
73 46 0.01639344
73 4 0.01265823
73 49 0.02127660
73 5 0.05263158
73 58 0.02222222
73 63 0.01449275
73 65 0.01234568
73 6 0.01492537
73 69 0.01694915
73 72 0.01612903
73 101 0.02173913
73 103 0.07692308
73 76 0.02564103
73 77 0.02439024
73 84 0.02857143
73 85 0.02439024
73 86 0.02325581
73 90 0.01639344
73 92 0.03571429
74 10 0.01612903
74 12 0.01219512
74 13 0.02127660
74 14 0.01639344
74 15 0.02222222
74 16 0.02272727
74 1 0.01219512
74 17 0.01694915
74 22 0.02702703
74 23 0.02702703
74 24 0.01818182
74 25 0.01515152
74 31 0.01449275
74 34 0.02222222
74 35 0.01785714
74 3 0.01020408
74 37 0.01886792
74 38 0.02631579
74 41 0.02564103
74 44 0.02380952
74 46 0.01639344
74 48 0.02000000
74 49 0.02127660
74 50 0.04347826
74 52 0.02564103
74 53 0.01724138
74 54 0.02000000
74 55 0.02857143
74 56 0.02777778
74 57 0.01818182
74 58 0.02222222
74 63 0.01449275
74 64 0.02272727
74 65 0.01234568
74 6 0.01492537
74 70 0.02777778
74 72 0.01612903
74 100 0.03703704
74 101 0.02173913
74 105 0.03448276
74 107 0.03846154
74 109 0.08333333
74 110 0.04347826
74 76 0.02564103
74 77 0.02439024
74 78 0.01960784
74 80 0.06666667
74 83 0.02500000
74 84 0.02857143
74 86 0.02325581
74 88 0.03125000
74 90 0.01639344
74 91 0.02380952
74 95 0.03030303
74 96 0.03030303
74 8 0.01754386
75 10 0.01612903
75 12 0.01219512
75 13 0.02127660
75 17 0.01694915
75 19 0.01369863
75 2 0.02941176
75 27 0.02222222
75 30 0.02173913
75 3 0.01020408
75 38 0.02631579
75 39 0.01818182
75 40 0.03225806
75 43 0.02380952
75 44 0.02380952
75 45 0.01785714
75 46 0.01639344
75 4 0.01265823
75 53 0.01724138
75 54 0.02000000
75 55 0.02857143
75 57 0.01818182
75 65 0.01234568
75 6 0.01492537
75 69 0.01694915
75 71 0.02222222
75 72 0.01612903
75 100 0.03703704
75 101 0.02173913
75 106 0.03571429
75 84 0.02857143
75 88 0.03125000
75 98 0.07142857
75 7 0.02857143
76 10 0.01612903
76 11 0.03703704
76 12 0.01219512
76 13 0.02127660
76 14 0.01639344
76 15 0.02222222
76 16 0.02272727
76 1 0.01219512
76 17 0.01694915
76 19 0.01369863
76 21 0.03703704
76 26 0.05000000
76 2 0.02941176
76 29 0.04545455
76 31 0.01449275
76 35 0.01785714
76 3 0.01020408
76 42 0.02272727
76 4 0.01265823
76 48 0.02000000
76 49 0.02127660
76 53 0.01724138
76 55 0.02857143
76 60 0.04761905
76 63 0.01449275
76 65 0.01234568
76 6 0.01492537
76 68 0.06250000
76 73 0.02857143
76 74 0.01785714
76 101 0.02173913
76 107 0.03846154
76 78 0.01960784
76 83 0.02500000
76 90 0.01639344
76 93 0.02500000
76 96 0.03030303
76 97 0.03571429
76 9 0.03225806
78 10 0.01612903
78 12 0.01219512
78 13 0.02127660
78 14 0.01639344
78 15 0.02222222
78 1 0.01219512
78 19 0.01369863
78 21 0.03703704
78 23 0.02702703
78 24 0.01818182
78 25 0.01515152
78 26 0.05000000
78 2 0.02941176
78 28 0.03448276
78 29 0.04545455
78 30 0.02173913
78 31 0.01449275
78 34 0.02222222
78 35 0.01785714
78 36 0.03225806
78 3 0.01020408
78 39 0.01818182
78 43 0.02380952
78 44 0.02380952
78 45 0.01785714
78 46 0.01639344
78 47 0.03333333
78 51 0.07692308
78 52 0.02564103
78 55 0.02857143
78 57 0.01818182
78 5 0.05263158
78 58 0.02222222
78 60 0.04761905
78 62 0.05882353
78 64 0.02272727
78 65 0.01234568
78 66 0.03030303
78 6 0.01492537
78 69 0.01694915
78 72 0.01612903
78 74 0.01785714
78 76 0.02564103
78 77 0.02439024
78 113 0.02272727
78 81 0.05555556
78 82 0.09090909
78 86 0.02325581
78 89 0.02857143
78 8 0.01754386
78 9 0.03225806
83 10 0.01612903
83 12 0.01219512
83 13 0.02127660
83 14 0.01639344
83 15 0.02222222
83 16 0.02272727
83 1 0.01219512
83 19 0.01369863
83 22 0.02702703
83 24 0.01818182
83 25 0.01515152
83 30 0.02173913
83 31 0.01449275
83 35 0.01785714
83 37 0.01886792
83 38 0.02631579
83 40 0.03225806
83 41 0.02564103
83 43 0.02380952
83 45 0.01785714
83 48 0.02000000
83 52 0.02564103
83 53 0.01724138
83 55 0.02857143
83 62 0.05882353
83 63 0.01449275
83 65 0.01234568
83 66 0.03030303
83 6 0.01492537
83 69 0.01694915
83 71 0.02222222
83 74 0.01785714
83 76 0.02564103
83 79 0.05000000
83 101 0.02173913
83 86 0.02325581
83 87 0.02040816
83 88 0.03125000
83 90 0.01639344
83 9 0.03225806
84 10 0.01612903
84 11 0.03703704
84 14 0.01639344
84 18 0.04000000
84 19 0.01369863
84 21 0.03703704
84 22 0.02702703
84 25 0.01515152
84 27 0.02222222
84 30 0.02173913
84 31 0.01449275
84 33 0.05882353
84 37 0.01886792
84 3 0.01020408
84 38 0.02631579
84 39 0.01818182
84 43 0.02380952
84 46 0.01639344
84 49 0.02127660
84 54 0.02000000
84 65 0.01234568
84 69 0.01694915
84 71 0.02222222
84 73 0.02857143
84 74 0.01785714
84 75 0.03030303
84 106 0.03571429
84 113 0.02272727
84 85 0.02439024
84 86 0.02325581
84 87 0.02040816
84 92 0.03571429
84 96 0.03030303
84 97 0.03571429
84 9 0.03225806
85 10 0.01612903
85 12 0.01219512
85 13 0.02127660
85 14 0.01639344
85 17 0.01694915
85 1 0.01219512
85 19 0.01369863
85 25 0.01515152
85 27 0.02222222
85 31 0.01449275
85 35 0.01785714
85 37 0.01886792
85 3 0.01020408
85 42 0.02272727
85 43 0.02380952
85 45 0.01785714
85 48 0.02000000
85 49 0.02127660
85 56 0.02777778
85 57 0.01818182
85 63 0.01449275
85 64 0.02272727
85 65 0.01234568
85 6 0.01492537
85 69 0.01694915
85 71 0.02222222
85 72 0.01612903
85 73 0.02857143
85 77 0.02439024
85 7 0.02857143
85 79 0.05000000
85 84 0.02857143
85 100 0.03703704
85 101 0.02173913
85 102 0.03703704
85 103 0.07692308
85 108 0.04545455
85 113 0.02272727
85 86 0.02325581
85 87 0.02040816
85 92 0.03571429
86 10 0.01612903
86 15 0.02222222
86 17 0.01694915
86 19 0.01369863
86 21 0.03703704
86 22 0.02702703
86 24 0.01818182
86 25 0.01515152
86 2 0.02941176
86 30 0.02173913
86 34 0.02222222
86 37 0.01886792
86 3 0.01020408
86 38 0.02631579
86 39 0.01818182
86 46 0.01639344
86 4 0.01265823
86 48 0.02000000
86 49 0.02127660
86 52 0.02564103
86 63 0.01449275
86 6 0.01492537
86 69 0.01694915
86 71 0.02222222
86 72 0.01612903
86 73 0.02857143
86 74 0.01785714
86 77 0.02439024
86 78 0.01960784
86 83 0.02500000
86 84 0.02857143
86 85 0.02439024
86 101 0.02173913
86 106 0.03571429
86 109 0.08333333
86 112 0.07692308
86 113 0.02272727
86 87 0.02040816
86 89 0.02857143
86 95 0.03030303
86 99 0.03703704
86 8 0.01754386
86 9 0.03225806
89 10 0.01612903
89 12 0.01219512
89 13 0.02127660
89 14 0.01639344
89 1 0.01219512
89 19 0.01369863
89 22 0.02702703
89 24 0.01818182
89 25 0.01515152
89 38 0.02631579
89 3 0.01020408
89 43 0.02380952
89 44 0.02380952
89 45 0.01785714
89 46 0.01639344
89 48 0.02000000
89 58 0.02222222
89 63 0.01449275
89 64 0.02272727
89 65 0.01234568
89 67 0.03571429
89 6 0.01492537
89 69 0.01694915
89 71 0.02222222
89 78 0.01960784
89 7 0.02857143
89 86 0.02325581
89 87 0.02040816
89 8 0.01754386
89 100 0.03703704
89 106 0.03571429
89 113 0.02272727
89 91 0.02380952
89 94 0.09090909
89 97 0.03571429
91 10 0.01612903
91 14 0.01639344
91 15 0.02222222
91 17 0.01694915
91 1 0.01219512
91 19 0.01369863
91 23 0.02702703
91 24 0.01818182
91 29 0.04545455
91 31 0.01449275
91 34 0.02222222
91 35 0.01785714
91 37 0.01886792
91 3 0.01020408
91 39 0.01818182
91 45 0.01785714
91 4 0.01265823
91 50 0.04347826
91 52 0.02564103
91 53 0.01724138
91 56 0.02777778
91 60 0.04761905
91 61 0.08333333
91 63 0.01449275
91 65 0.01234568
91 66 0.03030303
91 6 0.01492537
91 70 0.02777778
91 74 0.01785714
91 77 0.02439024
91 87 0.02040816
91 8 0.01754386
91 89 0.02857143
91 90 0.01639344
91 103 0.07692308
91 104 0.06666667
91 105 0.03448276
91 92 0.03571429
91 95 0.03030303
91 96 0.03030303
91 97 0.03571429
91 99 0.03703704
92 10 0.01612903
92 12 0.01219512
92 14 0.01639344
92 25 0.01515152
92 27 0.02222222
92 34 0.02222222
92 36 0.03225806
92 40 0.03225806
92 44 0.02380952
92 46 0.01639344
92 48 0.02000000
92 4 0.01265823
92 53 0.01724138
92 54 0.02000000
92 55 0.02857143
92 57 0.01818182
92 58 0.02222222
92 62 0.05882353
92 63 0.01449275
92 69 0.01694915
92 70 0.02777778
92 73 0.02857143
92 84 0.02857143
92 85 0.02439024
92 90 0.01639344
92 91 0.02380952
92 106 0.03571429
92 97 0.03571429
93 10 0.01612903
93 11 0.03703704
93 12 0.01219512
93 13 0.02127660
93 14 0.01639344
93 16 0.02272727
93 1 0.01219512
93 19 0.01369863
93 20 0.04761905
93 25 0.01515152
93 27 0.02222222
93 35 0.01785714
93 38 0.02631579
93 3 0.01020408
93 39 0.01818182
93 43 0.02380952
93 44 0.02380952
93 45 0.01785714
93 4 0.01265823
93 52 0.02564103
93 53 0.01724138
93 54 0.02000000
93 56 0.02777778
93 57 0.01818182
93 58 0.02222222
93 63 0.01449275
93 64 0.02272727
93 65 0.01234568
93 66 0.03030303
93 6 0.01492537
93 69 0.01694915
93 70 0.02777778
93 76 0.02564103
93 77 0.02439024
93 87 0.02040816
93 90 0.01639344
93 102 0.03703704
93 108 0.04545455
93 109 0.08333333
93 95 0.03030303
95 10 0.01612903
95 12 0.01219512
95 1 0.01219512
95 19 0.01369863
95 24 0.01818182
95 25 0.01515152
95 27 0.02222222
95 34 0.02222222
95 3 0.01020408
95 39 0.01818182
95 42 0.02272727
95 43 0.02380952
95 50 0.04347826
95 51 0.07692308
95 52 0.02564103
95 58 0.02222222
95 63 0.01449275
95 65 0.01234568
95 66 0.03030303
95 67 0.03571429
95 69 0.01694915
95 71 0.02222222
95 72 0.01612903
95 74 0.01785714
95 80 0.06666667
95 86 0.02325581
95 90 0.01639344
95 91 0.02380952
95 93 0.02500000
95 100 0.03703704
95 105 0.03448276
95 96 0.03030303
95 97 0.03571429
96 10 0.01612903
96 12 0.01219512
96 16 0.02272727
96 1 0.01219512
96 20 0.04761905
96 21 0.03703704
96 24 0.01818182
96 25 0.01515152
96 27 0.02222222
96 28 0.03448276
96 32 0.04545455
96 40 0.03225806
96 43 0.02380952
96 45 0.01785714
96 46 0.01639344
96 52 0.02564103
96 54 0.02000000
96 57 0.01818182
96 65 0.01234568
96 6 0.01492537
96 69 0.01694915
96 74 0.01785714
96 76 0.02564103
96 77 0.02439024
96 84 0.02857143
96 87 0.02040816
96 90 0.01639344
96 91 0.02380952
96 94 0.09090909
96 95 0.03030303
96 101 0.02173913
96 108 0.04545455
96 97 0.03571429
97 10 0.01612903
97 1 0.01219512
97 24 0.01818182
97 25 0.01515152
97 27 0.02222222
97 29 0.04545455
97 31 0.01449275
97 34 0.02222222
97 3 0.01020408
97 42 0.02272727
97 43 0.02380952
97 45 0.01785714
97 4 0.01265823
97 52 0.02564103
97 53 0.01724138
97 65 0.01234568
97 69 0.01694915
97 76 0.02564103
97 84 0.02857143
97 89 0.02857143
97 90 0.01639344
97 91 0.02380952
97 92 0.03571429
97 95 0.03030303
97 96 0.03030303
97 101 0.02173913
97 105 0.03448276
97 99 0.03703704
99 10 0.01612903
99 13 0.02127660
99 14 0.01639344
99 15 0.02222222
99 17 0.01694915
99 19 0.01369863
99 22 0.02702703
99 25 0.01515152
99 31 0.01449275
99 34 0.02222222
99 3 0.01020408
99 41 0.02564103
99 42 0.02272727
99 44 0.02380952
99 45 0.01785714
99 4 0.01265823
99 49 0.02127660
99 53 0.01724138
99 54 0.02000000
99 63 0.01449275
99 65 0.01234568
99 69 0.01694915
99 86 0.02325581
99 90 0.01639344
99 91 0.02380952
99 97 0.03571429
99 101 0.02173913
1 100 0.03703704
1 101 0.02173913
1 10 0.01612903
1 102 0.03703704
1 103 0.07692308
1 104 0.06666667
1 107 0.03846154
1 108 0.04545455
1 109 0.08333333
1 110 0.04347826
1 11 0.03703704
1 112 0.07692308
1 113 0.02272727
1 12 0.01219512
1 13 0.02127660
1 14 0.01639344
1 15 0.02222222
1 16 0.02272727
1 17 0.01694915
1 19 0.01369863
1 20 0.04761905
1 2 0.02941176
1 24 0.01818182
1 25 0.01515152
1 26 0.05000000
1 30 0.02173913
1 31 0.01449275
1 3 0.01020408
1 34 0.02222222
1 35 0.01785714
1 37 0.01886792
1 38 0.02631579
1 39 0.01818182
1 40 0.03225806
1 4 0.01265823
1 42 0.02272727
1 43 0.02380952
1 44 0.02380952
1 45 0.01785714
1 46 0.01639344
1 47 0.03333333
1 48 0.02000000
1 49 0.02127660
1 5 0.05263158
1 52 0.02564103
1 53 0.01724138
1 54 0.02000000
1 57 0.01818182
1 58 0.02222222
1 61 0.08333333
1 6 0.01492537
1 62 0.05882353
1 63 0.01449275
1 65 0.01234568
1 66 0.03030303
1 67 0.03571429
1 69 0.01694915
1 70 0.02777778
1 71 0.02222222
1 7 0.02857143
1 72 0.01612903
1 73 0.02857143
1 74 0.01785714
1 76 0.02564103
1 77 0.02439024
1 78 0.01960784
1 81 0.05555556
1 8 0.01754386
1 82 0.09090909
1 83 0.02500000
1 85 0.02439024
1 87 0.02040816
1 88 0.03125000
1 89 0.02857143
1 90 0.01639344
1 91 0.02380952
1 9 0.03225806
1 93 0.02500000
1 95 0.03030303
1 96 0.03030303
1 97 0.03571429
1 98 0.07142857
13 1 0.01219512
13 12 0.01219512
13 101 0.02173913
13 106 0.03571429
13 107 0.03846154
13 110 0.04347826
13 113 0.02272727
13 15 0.02222222
13 17 0.01694915
13 19 0.01369863
13 25 0.01515152
13 27 0.02222222
13 31 0.01449275
13 42 0.02272727
13 43 0.02380952
13 44 0.02380952
13 45 0.01785714
13 46 0.01639344
13 47 0.03333333
13 48 0.02000000
13 57 0.01818182
13 58 0.02222222
13 63 0.01449275
13 65 0.01234568
13 66 0.03030303
13 67 0.03571429
13 68 0.06250000
13 69 0.01694915
13 71 0.02222222
13 74 0.01785714
13 75 0.03030303
13 76 0.02564103
13 78 0.01960784
13 83 0.02500000
13 85 0.02439024
13 88 0.03125000
13 89 0.02857143
13 90 0.01639344
13 93 0.02500000
13 99 0.03703704
13 2 0.02941176
13 3 0.01020408
13 4 0.01265823
13 6 0.01492537
13 7 0.02857143
13 8 0.01754386
13 9 0.03225806
39 11 0.03703704
39 12 0.01219512
39 1 0.01219512
39 14 0.01639344
39 17 0.01694915
39 18 0.04000000
39 19 0.01369863
39 21 0.03703704
39 22 0.02702703
39 23 0.02702703
39 24 0.01818182
39 25 0.01515152
39 27 0.02222222
39 29 0.04545455
39 32 0.04545455
39 3 0.01020408
39 34 0.02222222
39 35 0.01785714
39 37 0.01886792
39 38 0.02631579
39 100 0.03703704
39 105 0.03448276
39 108 0.04545455
39 110 0.04347826
39 113 0.02272727
39 40 0.03225806
39 42 0.02272727
39 43 0.02380952
39 45 0.01785714
39 46 0.01639344
39 48 0.02000000
39 50 0.04347826
39 52 0.02564103
39 53 0.01724138
39 54 0.02000000
39 56 0.02777778
39 59 0.05555556
39 60 0.04761905
39 65 0.01234568
39 70 0.02777778
39 75 0.03030303
39 77 0.02439024
39 78 0.01960784
39 79 0.05000000
39 84 0.02857143
39 86 0.02325581
39 88 0.03125000
39 90 0.01639344
39 91 0.02380952
39 93 0.02500000
39 95 0.03030303
39 4 0.01265823
39 5 0.05263158
39 7 0.02857143
39 8 0.01754386
50 11 0.03703704
50 14 0.01639344
50 19 0.01369863
50 22 0.02702703
50 23 0.02702703
50 24 0.01818182
50 31 0.01449275
50 35 0.01785714
50 39 0.01818182
50 42 0.02272727
50 4 0.01265823
50 46 0.01639344
50 106 0.03571429
50 110 0.04347826
50 51 0.07692308
50 52 0.02564103
50 63 0.01449275
50 64 0.02272727
50 74 0.01785714
50 77 0.02439024
50 90 0.01639344
50 91 0.02380952
50 95 0.03030303
15 1 0.01219512
15 12 0.01219512
15 13 0.02127660
15 108 0.04545455
15 17 0.01694915
15 19 0.01369863
15 23 0.02702703
15 24 0.01818182
15 25 0.01515152
15 28 0.03448276
15 29 0.04545455
15 30 0.02173913
15 31 0.01449275
15 34 0.02222222
15 35 0.01785714
15 36 0.03225806
15 40 0.03225806
15 44 0.02380952
15 46 0.01639344
15 47 0.03333333
15 49 0.02127660
15 54 0.02000000
15 56 0.02777778
15 57 0.01818182
15 59 0.05555556
15 60 0.04761905
15 63 0.01449275
15 64 0.02272727
15 65 0.01234568
15 68 0.06250000
15 70 0.02777778
15 72 0.01612903
15 74 0.01785714
15 76 0.02564103
15 77 0.02439024
15 78 0.01960784
15 83 0.02500000
15 86 0.02325581
15 88 0.03125000
15 91 0.02380952
15 98 0.07142857
15 99 0.03703704
15 3 0.01020408
15 4 0.01265823
15 6 0.01492537
52 11 0.03703704
52 12 0.01219512
52 14 0.01639344
52 1 0.01219512
52 16 0.02272727
52 17 0.01694915
52 22 0.02702703
52 24 0.01818182
52 25 0.01515152
52 28 0.03448276
52 29 0.04545455
52 30 0.02173913
52 31 0.01449275
52 34 0.02222222
52 3 0.01020408
52 39 0.01818182
52 4 0.01265823
52 45 0.01785714
52 50 0.04347826
52 51 0.07692308
52 101 0.02173913
52 105 0.03448276
52 110 0.04347826
52 57 0.01818182
52 65 0.01234568
52 72 0.01612903
52 74 0.01785714
52 77 0.02439024
52 78 0.01960784
52 80 0.06666667
52 83 0.02500000
52 86 0.02325581
52 90 0.01639344
52 91 0.02380952
52 93 0.02500000
52 95 0.03030303
52 96 0.03030303
52 97 0.03571429
52 8 0.01754386
57 11 0.03703704
57 12 0.01219512
57 13 0.02127660
57 14 0.01639344
57 15 0.02222222
57 1 0.01219512
57 16 0.02272727
57 19 0.01369863
57 23 0.02702703
57 24 0.01818182
57 25 0.01515152
57 2 0.02941176
57 27 0.02222222
57 28 0.03448276
57 31 0.01449275
57 35 0.01785714
57 3 0.01020408
57 36 0.03225806
57 37 0.01886792
57 40 0.03225806
57 45 0.01785714
57 4 0.01265823
57 46 0.01639344
57 48 0.02000000
57 51 0.07692308
57 52 0.02564103
57 54 0.02000000
57 56 0.02777778
57 100 0.03703704
57 101 0.02173913
57 106 0.03571429
57 58 0.02222222
57 62 0.05882353
57 63 0.01449275
57 64 0.02272727
57 65 0.01234568
57 67 0.03571429
57 70 0.02777778
57 71 0.02222222
57 72 0.01612903
57 74 0.01785714
57 75 0.03030303
57 78 0.01960784
57 79 0.05000000
57 80 0.06666667
57 85 0.02439024
57 87 0.02040816
57 88 0.03125000
57 90 0.01639344
57 92 0.03571429
57 93 0.02500000
57 96 0.03030303
57 6 0.01492537
57 7 0.02857143
57 8 0.01754386
2 1 0.01219512
2 101 0.02173913
2 10 0.01612903
2 103 0.07692308
2 104 0.06666667
2 109 0.08333333
2 11 0.03703704
2 12 0.01219512
2 13 0.02127660
2 14 0.01639344
2 18 0.04000000
2 19 0.01369863
2 24 0.01818182
2 3 0.01020408
2 33 0.05882353
2 40 0.03225806
2 4 0.01265823
2 45 0.01785714
2 46 0.01639344
2 48 0.02000000
2 49 0.02127660
2 53 0.01724138
2 57 0.01818182
2 6 0.01492537
2 65 0.01234568
2 70 0.02777778
2 71 0.02222222
2 75 0.03030303
2 76 0.02564103
2 77 0.02439024
2 78 0.01960784
2 8 0.01754386
2 86 0.02325581
2 9 0.03225806
23 12 0.01219512
23 14 0.01639344
23 15 0.02222222
23 17 0.01694915
23 19 0.01369863
23 102 0.03703704
23 105 0.03448276
23 108 0.04545455
23 113 0.02272727
23 25 0.01515152
23 28 0.03448276
23 30 0.02173913
23 31 0.01449275
23 35 0.01785714
23 38 0.02631579
23 39 0.01818182
23 41 0.02564103
23 45 0.01785714
23 48 0.02000000
23 50 0.04347826
23 53 0.01724138
23 54 0.02000000
23 57 0.01818182
23 64 0.02272727
23 65 0.01234568
23 66 0.03030303
23 70 0.02777778
23 71 0.02222222
23 72 0.01612903
23 74 0.01785714
23 78 0.01960784
23 87 0.02040816
23 91 0.02380952
23 3 0.01020408
23 4 0.01265823
23 5 0.05263158
23 6 0.01492537
25 12 0.01219512
25 1 0.01219512
25 13 0.02127660
25 14 0.01639344
25 15 0.02222222
25 17 0.01694915
25 19 0.01369863
25 21 0.03703704
25 22 0.02702703
25 23 0.02702703
25 24 0.01818182
25 101 0.02173913
25 103 0.07692308
25 105 0.03448276
25 109 0.08333333
25 110 0.04347826
25 27 0.02222222
25 28 0.03448276
25 29 0.04545455
25 31 0.01449275
25 32 0.04545455
25 34 0.02222222
25 35 0.01785714
25 37 0.01886792
25 38 0.02631579
25 39 0.01818182
25 41 0.02564103
25 43 0.02380952
25 44 0.02380952
25 45 0.01785714
25 46 0.01639344
25 49 0.02127660
25 52 0.02564103
25 53 0.01724138
25 54 0.02000000
25 56 0.02777778
25 57 0.01818182
25 58 0.02222222
25 63 0.01449275
25 64 0.02272727
25 65 0.01234568
25 66 0.03030303
25 68 0.06250000
25 69 0.01694915
25 70 0.02777778
25 73 0.02857143
25 74 0.01785714
25 78 0.01960784
25 83 0.02500000
25 84 0.02857143
25 85 0.02439024
25 86 0.02325581
25 87 0.02040816
25 89 0.02857143
25 90 0.01639344
25 92 0.03571429
25 93 0.02500000
25 95 0.03030303
25 96 0.03030303
25 97 0.03571429
25 98 0.07142857
25 99 0.03703704
25 3 0.01020408
25 4 0.01265823
25 6 0.01492537
25 8 0.01754386
32 12 0.01219512
32 21 0.03703704
32 22 0.02702703
32 25 0.01515152
32 26 0.05000000
32 27 0.02222222
32 30 0.02173913
32 31 0.01449275
32 103 0.07692308
32 36 0.03225806
32 39 0.01818182
32 54 0.02000000
32 58 0.02222222
32 60 0.04761905
32 65 0.01234568
32 70 0.02777778
32 71 0.02222222
32 90 0.01639344
32 96 0.03030303
32 3 0.01020408
32 4 0.01265823
32 8 0.01754386
33 12 0.01219512
33 18 0.04000000
33 20 0.04761905
33 2 0.02941176
33 3 0.01020408
33 41 0.02564103
33 45 0.01785714
33 46 0.01639344
33 53 0.01724138
33 63 0.01449275
33 64 0.02272727
33 65 0.01234568
33 73 0.02857143
33 84 0.02857143
33 4 0.01265823
33 6 0.01492537
33 7 0.02857143
36 12 0.01219512
36 15 0.02222222
36 17 0.01694915
36 26 0.05000000
36 27 0.02222222
36 30 0.02173913
36 32 0.04545455
36 3 0.01020408
36 113 0.02272727
36 37 0.01886792
36 38 0.02631579
36 40 0.03225806
36 41 0.02564103
36 43 0.02380952
36 51 0.07692308
36 53 0.01724138
36 54 0.02000000
36 55 0.02857143
36 57 0.01818182
36 59 0.05555556
36 60 0.04761905
36 63 0.01449275
36 64 0.02272727
36 65 0.01234568
36 72 0.01612903
36 73 0.02857143
36 78 0.01960784
36 81 0.05555556
36 88 0.03125000
36 92 0.03571429
36 4 0.01265823
37 12 0.01219512
37 1 0.01219512
37 14 0.01639344
37 17 0.01694915
37 18 0.04000000
37 19 0.01369863
37 22 0.02702703
37 24 0.01818182
37 25 0.01515152
37 27 0.02222222
37 28 0.03448276
37 30 0.02173913
37 31 0.01449275
37 3 0.01020408
37 34 0.02222222
37 36 0.03225806
37 100 0.03703704
37 101 0.02173913
37 104 0.06666667
37 105 0.03448276
37 106 0.03571429
37 108 0.04545455
37 39 0.01818182
37 40 0.03225806
37 41 0.02564103
37 44 0.02380952
37 45 0.01785714
37 53 0.01724138
37 55 0.02857143
37 56 0.02777778
37 57 0.01818182
37 61 0.08333333
37 63 0.01449275
37 65 0.01234568
37 67 0.03571429
37 68 0.06250000
37 69 0.01694915
37 71 0.02222222
37 72 0.01612903
37 74 0.01785714
37 79 0.05000000
37 81 0.05555556
37 83 0.02500000
37 84 0.02857143
37 85 0.02439024
37 86 0.02325581
37 87 0.02040816
37 90 0.01639344
37 91 0.02380952
37 98 0.07142857
37 4 0.01265823
37 6 0.01492537
37 8 0.01754386
48 12 0.01219512
48 13 0.02127660
48 14 0.01639344
48 1 0.01219512
48 17 0.01694915
48 19 0.01369863
48 23 0.02702703
48 24 0.01818182
48 2 0.02941176
48 27 0.02222222
48 28 0.03448276
48 29 0.04545455
48 30 0.02173913
48 31 0.01449275
48 3 0.01020408
48 35 0.01785714
48 38 0.02631579
48 39 0.01818182
48 43 0.02380952
48 4 0.01265823
48 45 0.01785714
48 46 0.01639344
48 47 0.03333333
48 100 0.03703704
48 101 0.02173913
48 103 0.07692308
48 104 0.06666667
48 108 0.04545455
48 113 0.02272727
48 55 0.02857143
48 56 0.02777778
48 57 0.01818182
48 62 0.05882353
48 64 0.02272727
48 65 0.01234568
48 66 0.03030303
48 67 0.03571429
48 68 0.06250000
48 71 0.02222222
48 74 0.01785714
48 76 0.02564103
48 83 0.02500000
48 85 0.02439024
48 86 0.02325581
48 89 0.02857143
48 92 0.03571429
48 98 0.07142857
48 5 0.05263158
48 8 0.01754386
48 9 0.03225806
54 12 0.01219512
54 1 0.01219512
54 15 0.02222222
54 17 0.01694915
54 18 0.04000000
54 19 0.01369863
54 21 0.03703704
54 23 0.02702703
54 25 0.01515152
54 27 0.02222222
54 28 0.03448276
54 31 0.01449275
54 32 0.04545455
54 34 0.02222222
54 3 0.01020408
54 36 0.03225806
54 38 0.02631579
54 39 0.01818182
54 42 0.02272727
54 44 0.02380952
54 4 0.01265823
54 46 0.01639344
54 53 0.01724138
54 101 0.02173913
54 55 0.02857143
54 57 0.01818182
54 63 0.01449275
54 64 0.02272727
54 65 0.01234568
54 66 0.03030303
54 68 0.06250000
54 69 0.01694915
54 70 0.02777778
54 71 0.02222222
54 72 0.01612903
54 74 0.01785714
54 75 0.03030303
54 77 0.02439024
54 79 0.05000000
54 84 0.02857143
54 87 0.02040816
54 90 0.01639344
54 92 0.03571429
54 93 0.02500000
54 96 0.03030303
54 99 0.03703704
54 5 0.05263158
54 6 0.01492537
54 7 0.02857143
54 8 0.01754386
60 12 0.01219512
60 15 0.02222222
60 18 0.04000000
60 24 0.01818182
60 26 0.05000000
60 31 0.01449275
60 32 0.04545455
60 3 0.01020408
60 36 0.03225806
60 39 0.01818182
60 44 0.02380952
60 49 0.02127660
60 55 0.02857143
60 58 0.02222222
60 65 0.01234568
60 69 0.01694915
60 76 0.02564103
60 78 0.01960784
60 91 0.02380952
60 94 0.09090909
60 8 0.01754386
61 12 0.01219512
61 1 0.01219512
61 16 0.02272727
61 17 0.01694915
61 34 0.02222222
61 3 0.01020408
61 37 0.01886792
61 67 0.03571429
61 68 0.06250000
61 81 0.05555556
61 90 0.01639344
61 91 0.02380952
66 12 0.01219512
66 13 0.02127660
66 1 0.01219512
66 19 0.01369863
66 23 0.02702703
66 25 0.01515152
66 26 0.05000000
66 31 0.01449275
66 3 0.01020408
66 43 0.02380952
66 4 0.01265823
66 47 0.03333333
66 48 0.02000000
66 53 0.01724138
66 54 0.02000000
66 56 0.02777778
66 58 0.02222222
66 62 0.05882353
66 65 0.01234568
66 110 0.04347826
66 69 0.01694915
66 77 0.02439024
66 78 0.01960784
66 82 0.09090909
66 83 0.02500000
66 88 0.03125000
66 90 0.01639344
66 91 0.02380952
66 93 0.02500000
66 95 0.03030303
66 98 0.07142857
66 7 0.02857143
66 8 0.01754386
67 12 0.01219512
67 13 0.02127660
67 1 0.01219512
67 17 0.01694915
67 19 0.01369863
67 31 0.01449275
67 35 0.01785714
67 3 0.01020408
67 37 0.01886792
67 41 0.02564103
67 42 0.02272727
67 46 0.01639344
67 4 0.01265823
67 48 0.02000000
67 55 0.02857143
67 57 0.01818182
67 61 0.08333333
67 100 0.03703704
67 101 0.02173913
67 107 0.03846154
67 70 0.02777778
67 71 0.02222222
67 77 0.02439024
67 87 0.02040816
67 89 0.02857143
67 90 0.01639344
67 94 0.09090909
67 95 0.03030303
68 12 0.01219512
68 13 0.02127660
68 15 0.02222222
68 25 0.01515152
68 3 0.01020408
68 37 0.01886792
68 48 0.02000000
68 49 0.02127660
68 54 0.02000000
68 61 0.08333333
68 6 0.01492537
68 108 0.04545455
68 71 0.02222222
68 72 0.01612903
68 76 0.02564103
68 90 0.01639344
70 12 0.01219512
70 15 0.02222222
70 1 0.01219512
70 19 0.01369863
70 22 0.02702703
70 23 0.02702703
70 24 0.01818182
70 25 0.01515152
70 2 0.02941176
70 30 0.02173913
70 32 0.04545455
70 34 0.02222222
70 3 0.01020408
70 39 0.01818182
70 42 0.02272727
70 46 0.01639344
70 49 0.02127660
70 54 0.02000000
70 55 0.02857143
70 57 0.01818182
70 58 0.02222222
70 63 0.01449275
70 6 0.01492537
70 67 0.03571429
70 100 0.03703704
70 113 0.02272727
70 72 0.01612903
70 74 0.01785714
70 90 0.01639344
70 91 0.02380952
70 92 0.03571429
70 93 0.02500000
70 94 0.09090909
70 7 0.02857143
70 8 0.01754386
70 9 0.03225806
71 12 0.01219512
71 13 0.02127660
71 16 0.02272727
71 1 0.01219512
71 20 0.04761905
71 22 0.02702703
71 23 0.02702703
71 2 0.02941176
71 27 0.02222222
71 30 0.02173913
71 31 0.01449275
71 32 0.04545455
71 3 0.01020408
71 37 0.01886792
71 38 0.02631579
71 40 0.03225806
71 43 0.02380952
71 44 0.02380952
71 45 0.01785714
71 46 0.01639344
71 4 0.01265823
71 48 0.02000000
71 53 0.01724138
71 54 0.02000000
71 55 0.02857143
71 5 0.05263158
71 57 0.01818182
71 65 0.01234568
71 6 0.01492537
71 67 0.03571429
71 68 0.06250000
71 100 0.03703704
71 101 0.02173913
71 113 0.02272727
71 72 0.01612903
71 75 0.03030303
71 79 0.05000000
71 80 0.06666667
71 83 0.02500000
71 84 0.02857143
71 85 0.02439024
71 86 0.02325581
71 89 0.02857143
71 95 0.03030303
71 8 0.01754386
77 12 0.01219512
77 15 0.02222222
77 1 0.01219512
77 17 0.01694915
77 19 0.01369863
77 22 0.02702703
77 24 0.01818182
77 2 0.02941176
77 31 0.01449275
77 35 0.01785714
77 38 0.02631579
77 39 0.01818182
77 45 0.01785714
77 46 0.01639344
77 47 0.03333333
77 49 0.02127660
77 50 0.04347826
77 52 0.02564103
77 54 0.02000000
77 55 0.02857143
77 56 0.02777778
77 63 0.01449275
77 65 0.01234568
77 66 0.03030303
77 6 0.01492537
77 67 0.03571429
77 73 0.02857143
77 74 0.01785714
77 105 0.03448276
77 106 0.03571429
77 110 0.04347826
77 112 0.07692308
77 7 0.02857143
77 78 0.01960784
77 79 0.05000000
77 85 0.02439024
77 86 0.02325581
77 90 0.01639344
77 91 0.02380952
77 93 0.02500000
77 96 0.03030303
81 12 0.01219512
81 17 0.01694915
81 1 0.01219512
81 22 0.02702703
81 27 0.02222222
81 31 0.01449275
81 34 0.02222222
81 36 0.03225806
81 37 0.01886792
81 3 0.01020408
81 41 0.02564103
81 4 0.01265823
81 58 0.02222222
81 61 0.08333333
81 6 0.01492537
81 69 0.01694915
81 78 0.01960784
81 9 0.03225806
82 12 0.01219512
82 1 0.01219512
82 3 0.01020408
82 47 0.03333333
82 4 0.01265823
82 66 0.03030303
82 6 0.01492537
82 69 0.01694915
82 78 0.01960784
82 8 0.01754386
82 9 0.03225806
87 12 0.01219512
87 1 0.01219512
87 18 0.04000000
87 20 0.04761905
87 21 0.03703704
87 23 0.02702703
87 24 0.01818182
87 25 0.01515152
87 27 0.02222222
87 30 0.02173913
87 31 0.01449275
87 35 0.01785714
87 37 0.01886792
87 3 0.01020408
87 38 0.02631579
87 40 0.03225806
87 41 0.02564103
87 46 0.01639344
87 49 0.02127660
87 53 0.01724138
87 54 0.02000000
87 55 0.02857143
87 56 0.02777778
87 57 0.01818182
87 62 0.05882353
87 63 0.01449275
87 64 0.02272727
87 65 0.01234568
87 67 0.03571429
87 6 0.01492537
87 83 0.02500000
87 84 0.02857143
87 85 0.02439024
87 86 0.02325581
87 101 0.02173913
87 102 0.03703704
87 103 0.07692308
87 104 0.06666667
87 106 0.03571429
87 107 0.03846154
87 110 0.04347826
87 113 0.02272727
87 88 0.03125000
87 89 0.02857143
87 90 0.01639344
87 91 0.02380952
87 93 0.02500000
87 94 0.09090909
87 96 0.03030303
88 12 0.01219512
88 13 0.02127660
88 14 0.01639344
88 15 0.02222222
88 16 0.02272727
88 17 0.01694915
88 1 0.01219512
88 21 0.03703704
88 29 0.04545455
88 31 0.01449275
88 35 0.01785714
88 36 0.03225806
88 3 0.01020408
88 39 0.01818182
88 40 0.03225806
88 43 0.02380952
88 44 0.02380952
88 46 0.01639344
88 57 0.01818182
88 58 0.02222222
88 63 0.01449275
88 64 0.02272727
88 66 0.03030303
88 6 0.01492537
88 69 0.01694915
88 72 0.01612903
88 74 0.01785714
88 75 0.03030303
88 83 0.02500000
88 87 0.02040816
88 101 0.02173913
88 8 0.01754386
90 12 0.01219512
90 13 0.02127660
90 14 0.01639344
90 16 0.02272727
90 17 0.01694915
90 1 0.01219512
90 19 0.01369863
90 22 0.02702703
90 24 0.01818182
90 25 0.01515152
90 26 0.05000000
90 27 0.02222222
90 29 0.04545455
90 31 0.01449275
90 32 0.04545455
90 34 0.02222222
90 35 0.01785714
90 37 0.01886792
90 3 0.01020408
90 39 0.01818182
90 41 0.02564103
90 42 0.02272727
90 44 0.02380952
90 45 0.01785714
90 46 0.01639344
90 47 0.03333333
90 4 0.01265823
90 50 0.04347826
90 52 0.02564103
90 54 0.02000000
90 57 0.01818182
90 58 0.02222222
90 61 0.08333333
90 63 0.01449275
90 65 0.01234568
90 66 0.03030303
90 67 0.03571429
90 68 0.06250000
90 6 0.01492537
90 69 0.01694915
90 70 0.02777778
90 73 0.02857143
90 74 0.01785714
90 76 0.02564103
90 77 0.02439024
90 7 0.02857143
90 80 0.06666667
90 83 0.02500000
90 87 0.02040816
90 101 0.02173913
90 104 0.06666667
90 105 0.03448276
90 113 0.02272727
90 91 0.02380952
90 92 0.03571429
90 93 0.02500000
90 95 0.03030303
90 96 0.03030303
90 97 0.03571429
90 99 0.03703704
90 9 0.03225806
3 1 0.01219512
3 2 0.02941176
3 100 0.03703704
3 10 0.01612903
3 103 0.07692308
3 104 0.06666667
3 105 0.03448276
3 107 0.03846154
3 108 0.04545455
3 109 0.08333333
3 110 0.04347826
3 111 1.00000000
3 11 0.03703704
3 113 0.02272727
3 12 0.01219512
3 13 0.02127660
3 14 0.01639344
3 15 0.02222222
3 16 0.02272727
3 17 0.01694915
3 18 0.04000000
3 19 0.01369863
3 20 0.04761905
3 21 0.03703704
3 22 0.02702703
3 23 0.02702703
3 24 0.01818182
3 25 0.01515152
3 26 0.05000000
3 27 0.02222222
3 28 0.03448276
3 30 0.02173913
3 31 0.01449275
3 32 0.04545455
3 33 0.05882353
3 34 0.02222222
3 35 0.01785714
3 36 0.03225806
3 37 0.01886792
3 38 0.02631579
3 39 0.01818182
3 40 0.03225806
3 41 0.02564103
3 4 0.01265823
3 42 0.02272727
3 43 0.02380952
3 44 0.02380952
3 45 0.01785714
3 46 0.01639344
3 47 0.03333333
3 48 0.02000000
3 49 0.02127660
3 5 0.05263158
3 52 0.02564103
3 53 0.01724138
3 54 0.02000000
3 56 0.02777778
3 57 0.01818182
3 58 0.02222222
3 59 0.05555556
3 60 0.04761905
3 61 0.08333333
3 6 0.01492537
3 62 0.05882353
3 63 0.01449275
3 64 0.02272727
3 65 0.01234568
3 66 0.03030303
3 67 0.03571429
3 68 0.06250000
3 69 0.01694915
3 70 0.02777778
3 71 0.02222222
3 7 0.02857143
3 72 0.01612903
3 73 0.02857143
3 74 0.01785714
3 75 0.03030303
3 76 0.02564103
3 78 0.01960784
3 81 0.05555556
3 8 0.01754386
3 82 0.09090909
3 84 0.02857143
3 85 0.02439024
3 86 0.02325581
3 87 0.02040816
3 88 0.03125000
3 89 0.02857143
3 90 0.01639344
3 91 0.02380952
3 9 0.03225806
3 93 0.02500000
3 94 0.09090909
3 95 0.03030303
3 97 0.03571429
3 98 0.07142857
3 99 0.03703704
4 1 0.01219512
4 2 0.02941176
4 3 0.01020408
4 10 0.01612903
4 104 0.06666667
4 105 0.03448276
4 106 0.03571429
4 107 0.03846154
4 11 0.03703704
4 12 0.01219512
4 13 0.02127660
4 14 0.01639344
4 15 0.02222222
4 16 0.02272727
4 17 0.01694915
4 18 0.04000000
4 19 0.01369863
4 20 0.04761905
4 21 0.03703704
4 22 0.02702703
4 23 0.02702703
4 24 0.01818182
4 25 0.01515152
4 26 0.05000000
4 27 0.02222222
4 28 0.03448276
4 29 0.04545455
4 30 0.02173913
4 31 0.01449275
4 32 0.04545455
4 33 0.05882353
4 34 0.02222222
4 35 0.01785714
4 36 0.03225806
4 37 0.01886792
4 38 0.02631579
4 39 0.01818182
4 40 0.03225806
4 41 0.02564103
4 42 0.02272727
4 43 0.02380952
4 44 0.02380952
4 45 0.01785714
4 46 0.01639344
4 47 0.03333333
4 48 0.02000000
4 49 0.02127660
4 50 0.04347826
4 51 0.07692308
4 52 0.02564103
4 53 0.01724138
4 54 0.02000000
4 56 0.02777778
4 57 0.01818182
4 6 0.01492537
4 62 0.05882353
4 63 0.01449275
4 65 0.01234568
4 66 0.03030303
4 67 0.03571429
4 69 0.01694915
4 71 0.02222222
4 7 0.02857143
4 72 0.01612903
4 73 0.02857143
4 75 0.03030303
4 76 0.02564103
4 81 0.05555556
4 8 0.01754386
4 82 0.09090909
4 86 0.02325581
4 90 0.01639344
4 91 0.02380952
4 9 0.03225806
4 92 0.03571429
4 93 0.02500000
4 97 0.03571429
4 98 0.07142857
4 99 0.03703704
62 14 0.01639344
62 1 0.01219512
62 3 0.01020408
62 45 0.01785714
62 4 0.01265823
62 47 0.03333333
62 48 0.02000000
62 57 0.01818182
62 102 0.03703704
62 66 0.03030303
62 69 0.01694915
62 78 0.01960784
62 83 0.02500000
62 87 0.02040816
62 92 0.03571429
62 8 0.01754386
62 9 0.03225806
80 14 0.01639344
80 16 0.02272727
80 18 0.04000000
80 24 0.01818182
80 42 0.02272727
80 44 0.02380952
80 52 0.02564103
80 57 0.01818182
80 65 0.01234568
80 71 0.02222222
80 74 0.01785714
80 105 0.03448276
80 107 0.03846154
80 90 0.01639344
80 95 0.03030303
5 1 0.01219512
5 3 0.01020408
5 10 0.01612903
5 113 0.02272727
5 16 0.02272727
5 19 0.01369863
5 23 0.02702703
5 28 0.03448276
5 39 0.01818182
5 40 0.03225806
5 42 0.02272727
5 48 0.02000000
5 54 0.02000000
5 55 0.02857143
5 56 0.02777778
5 71 0.02222222
5 72 0.01612903
5 73 0.02857143
5 78 0.01960784
29 15 0.02222222
29 17 0.01694915
29 25 0.01515152
29 27 0.02222222
29 28 0.03448276
29 34 0.02222222
29 39 0.01818182
29 45 0.01785714
29 48 0.02000000
29 52 0.02564103
29 58 0.02222222
29 64 0.02272727
29 65 0.01234568
29 72 0.01612903
29 76 0.02564103
29 78 0.01960784
29 88 0.03125000
29 90 0.01639344
29 91 0.02380952
29 97 0.03571429
29 4 0.01265823
29 6 0.01492537
56 15 0.02222222
56 17 0.01694915
56 19 0.01369863
56 21 0.03703704
56 24 0.01818182
56 25 0.01515152
56 27 0.02222222
56 31 0.01449275
56 34 0.02222222
56 3 0.01020408
56 37 0.01886792
56 39 0.01818182
56 40 0.03225806
56 43 0.02380952
56 45 0.01785714
56 4 0.01265823
56 46 0.01639344
56 48 0.02000000
56 53 0.01724138
56 55 0.02857143
56 5 0.05263158
56 105 0.03448276
56 113 0.02272727
56 57 0.01818182
56 63 0.01449275
56 64 0.02272727
56 66 0.03030303
56 74 0.01785714
56 77 0.02439024
56 79 0.05000000
56 85 0.02439024
56 87 0.02040816
56 91 0.02380952
56 93 0.02500000
56 6 0.01492537
56 7 0.02857143
98 15 0.02222222
98 1 0.01219512
98 25 0.01515152
98 37 0.01886792
98 3 0.01020408
98 48 0.02000000
98 4 0.01265823
98 65 0.01234568
98 66 0.03030303
98 75 0.03030303
98 7 0.02857143
98 79 0.05000000
98 102 0.03703704
98 113 0.02272727
6 1 0.01219512
6 2 0.02941176
6 3 0.01020408
6 4 0.01265823
6 100 0.03703704
6 101 0.02173913
6 10 0.01612903
6 102 0.03703704
6 106 0.03571429
6 107 0.03846154
6 11 0.03703704
6 113 0.02272727
6 12 0.01219512
6 13 0.02127660
6 14 0.01639344
6 15 0.02222222
6 16 0.02272727
6 17 0.01694915
6 20 0.04761905
6 22 0.02702703
6 23 0.02702703
6 24 0.01818182
6 25 0.01515152
6 29 0.04545455
6 30 0.02173913
6 31 0.01449275
6 33 0.05882353
6 34 0.02222222
6 35 0.01785714
6 37 0.01886792
6 40 0.03225806
6 45 0.01785714
6 46 0.01639344
6 47 0.03333333
6 49 0.02127660
6 53 0.01724138
6 54 0.02000000
6 56 0.02777778
6 57 0.01818182
6 58 0.02222222
6 63 0.01449275
6 64 0.02272727
6 65 0.01234568
6 68 0.06250000
6 69 0.01694915
6 70 0.02777778
6 71 0.02222222
6 7 0.02857143
6 73 0.02857143
6 74 0.01785714
6 75 0.03030303
6 76 0.02564103
6 77 0.02439024
6 78 0.01960784
6 81 0.05555556
6 8 0.01754386
6 82 0.09090909
6 83 0.02500000
6 85 0.02439024
6 86 0.02325581
6 87 0.02040816
6 88 0.03125000
6 89 0.02857143
6 90 0.01639344
6 91 0.02380952
6 93 0.02500000
6 96 0.03030303
51 16 0.02272727
51 24 0.01818182
51 34 0.02222222
51 35 0.01785714
51 36 0.03225806
51 42 0.02272727
51 4 0.01265823
51 50 0.04347826
51 52 0.02564103
51 57 0.01818182
51 58 0.02222222
51 78 0.01960784
51 95 0.03030303
7 1 0.01219512
7 3 0.01020408
7 4 0.01265823
7 6 0.01492537
7 113 0.02272727
7 12 0.01219512
7 13 0.02127660
7 18 0.04000000
7 19 0.01369863
7 30 0.02173913
7 33 0.05882353
7 34 0.02222222
7 38 0.02631579
7 39 0.01818182
7 40 0.03225806
7 41 0.02564103
7 42 0.02272727
7 43 0.02380952
7 45 0.01785714
7 53 0.01724138
7 54 0.02000000
7 55 0.02857143
7 56 0.02777778
7 57 0.01818182
7 58 0.02222222
7 63 0.01449275
7 66 0.03030303
7 70 0.02777778
7 75 0.03030303
7 77 0.02439024
7 8 0.01754386
7 85 0.02439024
7 89 0.02857143
7 90 0.01639344
7 98 0.07142857
8 1 0.01219512
8 2 0.02941176
8 3 0.01020408
8 4 0.01265823
8 6 0.01492537
8 7 0.02857143
8 101 0.02173913
8 10 0.01612903
8 102 0.03703704
8 113 0.02272727
8 12 0.01219512
8 13 0.02127660
8 14 0.01639344
8 17 0.01694915
8 18 0.04000000
8 19 0.01369863
8 21 0.03703704
8 22 0.02702703
8 24 0.01818182
8 25 0.01515152
8 26 0.05000000
8 27 0.02222222
8 31 0.01449275
8 32 0.04545455
8 35 0.01785714
8 37 0.01886792
8 39 0.01818182
8 41 0.02564103
8 43 0.02380952
8 44 0.02380952
8 45 0.01785714
8 46 0.01639344
8 47 0.03333333
8 48 0.02000000
8 49 0.02127660
8 52 0.02564103
8 54 0.02000000
8 55 0.02857143
8 57 0.01818182
8 60 0.04761905
8 62 0.05882353
8 63 0.01449275
8 64 0.02272727
8 65 0.01234568
8 66 0.03030303
8 69 0.01694915
8 70 0.02777778
8 71 0.02222222
8 72 0.01612903
8 74 0.01785714
8 78 0.01960784
8 82 0.09090909
8 86 0.02325581
8 88 0.03125000
8 89 0.02857143
8 91 0.02380952
8 9 0.03225806
9 1 0.01219512
9 2 0.02941176
9 3 0.01020408
9 4 0.01265823
9 8 0.01754386
9 101 0.02173913
9 113 0.02272727
9 12 0.01219512
9 13 0.02127660
9 14 0.01639344
9 18 0.04000000
9 19 0.01369863
9 20 0.04761905
9 26 0.05000000
9 28 0.03448276
9 30 0.02173913
9 35 0.01785714
9 46 0.01639344
9 47 0.03333333
9 48 0.02000000
9 62 0.05882353
9 65 0.01234568
9 70 0.02777778
9 76 0.02564103
9 78 0.01960784
9 81 0.05555556
9 82 0.09090909
9 83 0.02500000
9 84 0.02857143
9 86 0.02325581
9 90 0.01639344
21 19 0.01369863
21 25 0.01515152
21 27 0.02222222
21 30 0.02173913
21 32 0.04545455
21 39 0.01818182
21 41 0.02564103
21 44 0.02380952
21 45 0.01785714
21 54 0.02000000
21 56 0.02777778
21 58 0.02222222
21 59 0.05555556
21 64 0.02272727
21 69 0.01694915
21 72 0.01612903
21 73 0.02857143
21 76 0.02564103
21 78 0.01960784
21 84 0.02857143
21 86 0.02325581
21 87 0.02040816
21 88 0.03125000
21 96 0.03030303
21 3 0.01020408
21 4 0.01265823
21 8 0.01754386
94 30 0.02173913
94 31 0.01449275
94 3 0.01020408
94 44 0.02380952
94 58 0.02222222
94 60 0.04761905
94 67 0.03571429
94 70 0.02777778
94 87 0.02040816
94 89 0.02857143
94 96 0.03030303
111 3 0.01020408
79 31 0.01449275
79 35 0.01785714
79 37 0.01886792
79 39 0.01818182
79 42 0.02272727
79 46 0.01639344
79 54 0.02000000
79 56 0.02777778
79 57 0.01818182
79 59 0.05555556
79 63 0.01449275
79 65 0.01234568
79 71 0.02222222
79 72 0.01612903
79 77 0.02439024
79 102 0.03703704
79 113 0.02272727
79 83 0.02500000
79 85 0.02439024
79 98 0.07142857
