alter ego quoteProb
1 2 0.05263158
1 3 0.04166667
1 5 0.03125000
1 6 0.02777778
1 9 0.03125000
1 11 0.02702703
1 12 0.03333333
1 13 0.01724138
1 15 0.01315789
1 16 0.04000000
1 17 0.04347826
1 4 0.03448276
1 7 0.03448276
1 14 0.02777778
1 28 0.01315789
1 49 0.01315789
1 68 0.01315789
1 74 0.01315789
2 1 0.05555556
2 5 0.03125000
2 6 0.02777778
2 7 0.03448276
2 8 0.05000000
2 9 0.03125000
2 11 0.02702703
2 12 0.03333333
2 13 0.01724138
2 15 0.01315789
2 16 0.04000000
2 17 0.04347826
2 3 0.04166667
2 4 0.03448276
2 14 0.02777778
2 28 0.01315789
2 49 0.01315789
2 68 0.01315789
2 74 0.01315789
3 1 0.05555556
3 2 0.05263158
3 4 0.03448276
3 5 0.03125000
3 6 0.02777778
3 7 0.03448276
3 8 0.05000000
3 9 0.03125000
3 10 0.03571429
3 11 0.02702703
3 12 0.03333333
3 13 0.01724138
3 14 0.02777778
3 15 0.01315789
3 16 0.04000000
3 17 0.04347826
3 18 0.01851852
3 52 0.03571429
3 55 0.02500000
3 68 0.01315789
3 75 0.02857143
3 28 0.01315789
3 49 0.01315789
3 74 0.01315789
5 1 0.05555556
5 2 0.05263158
5 3 0.04166667
5 4 0.03448276
5 6 0.02777778
5 7 0.03448276
5 8 0.05000000
5 9 0.03125000
5 10 0.03571429
5 11 0.02702703
5 12 0.03333333
5 13 0.01724138
5 14 0.02777778
5 15 0.01315789
5 16 0.04000000
5 17 0.04347826
5 18 0.01851852
5 21 0.02325581
5 23 0.02040816
5 48 0.04166667
5 49 0.01315789
5 50 0.03846154
5 53 0.04545455
5 55 0.02500000
5 56 0.03030303
5 57 0.03846154
5 58 0.03703704
5 59 0.04000000
5 60 0.03571429
5 68 0.01315789
5 28 0.01315789
5 74 0.01315789
6 1 0.05555556
6 2 0.05263158
6 3 0.04166667
6 4 0.03448276
6 5 0.03125000
6 7 0.03448276
6 8 0.05000000
6 9 0.03125000
6 10 0.03571429
6 11 0.02702703
6 12 0.03333333
6 13 0.01724138
6 14 0.02777778
6 15 0.01315789
6 16 0.04000000
6 17 0.04347826
6 18 0.01851852
6 21 0.02325581
6 23 0.02040816
6 38 0.02631579
6 40 0.02702703
6 55 0.02500000
6 56 0.03030303
6 58 0.03703704
6 59 0.04000000
6 60 0.03571429
6 62 0.03333333
6 67 0.04545455
6 68 0.01315789
6 69 0.03571429
6 71 0.02857143
6 75 0.02857143
6 28 0.01315789
6 35 0.02173913
6 49 0.01315789
6 74 0.01315789
9 1 0.05555556
9 2 0.05263158
9 3 0.04166667
9 4 0.03448276
9 5 0.03125000
9 6 0.02777778
9 7 0.03448276
9 8 0.05000000
9 10 0.03571429
9 11 0.02702703
9 12 0.03333333
9 13 0.01724138
9 14 0.02777778
9 15 0.01315789
9 16 0.04000000
9 17 0.04347826
9 27 0.02500000
9 28 0.01315789
9 34 0.02941176
9 35 0.02173913
9 44 0.02439024
9 55 0.02500000
9 68 0.01315789
9 71 0.02857143
9 74 0.01315789
9 18 0.01851852
9 20 0.02500000
9 23 0.02040816
9 29 0.02083333
9 30 0.02127660
9 49 0.01315789
9 61 0.02702703
11 1 0.05555556
11 2 0.05263158
11 3 0.04166667
11 4 0.03448276
11 5 0.03125000
11 6 0.02777778
11 7 0.03448276
11 8 0.05000000
11 9 0.03125000
11 10 0.03571429
11 12 0.03333333
11 13 0.01724138
11 14 0.02777778
11 15 0.01315789
11 16 0.04000000
11 17 0.04347826
11 18 0.01851852
11 23 0.02040816
11 27 0.02500000
11 29 0.02083333
11 38 0.02631579
11 40 0.02702703
11 41 0.02325581
11 52 0.03571429
11 55 0.02500000
11 59 0.04000000
11 20 0.02500000
11 22 0.02777778
11 28 0.01315789
11 30 0.02127660
11 43 0.02777778
11 49 0.01315789
11 61 0.02702703
11 66 0.04545455
11 68 0.01315789
11 74 0.01315789
11 75 0.02857143
12 1 0.05555556
12 2 0.05263158
12 3 0.04166667
12 4 0.03448276
12 5 0.03125000
12 6 0.02777778
12 7 0.03448276
12 9 0.03125000
12 10 0.03571429
12 11 0.02702703
12 8 0.05000000
12 13 0.01724138
12 14 0.02777778
12 15 0.01315789
12 16 0.04000000
12 17 0.04347826
12 35 0.02173913
12 47 0.03125000
12 52 0.03571429
12 68 0.01315789
12 71 0.02857143
12 18 0.01851852
12 20 0.02500000
12 21 0.02325581
12 23 0.02040816
12 28 0.01315789
12 49 0.01315789
12 50 0.03846154
12 55 0.02500000
12 74 0.01315789
13 1 0.05555556
13 2 0.05263158
13 3 0.04166667
13 4 0.03448276
13 5 0.03125000
13 6 0.02777778
13 7 0.03448276
13 8 0.05000000
13 9 0.03125000
13 10 0.03571429
13 11 0.02702703
13 12 0.03333333
13 14 0.02777778
13 15 0.01315789
13 16 0.04000000
13 17 0.04347826
13 18 0.01851852
13 20 0.02500000
13 21 0.02325581
13 22 0.02777778
13 23 0.02040816
13 26 0.03030303
13 27 0.02500000
13 28 0.01315789
13 29 0.02083333
13 35 0.02173913
13 36 0.02941176
13 38 0.02631579
13 40 0.02702703
13 41 0.02325581
13 45 0.04347826
13 46 0.05263158
13 47 0.03125000
13 48 0.04166667
13 50 0.03846154
13 52 0.03571429
13 54 0.02083333
13 55 0.02500000
13 56 0.03030303
13 58 0.03703704
13 59 0.04000000
13 60 0.03571429
13 62 0.03333333
13 65 0.03225806
13 68 0.01315789
13 69 0.03571429
13 71 0.02857143
13 75 0.02857143
13 77 0.03448276
13 25 0.02777778
13 30 0.02127660
13 37 0.03030303
13 44 0.02439024
13 49 0.01315789
13 63 0.03846154
13 64 0.03703704
13 66 0.04545455
13 74 0.01315789
15 1 0.05555556
15 2 0.05263158
15 3 0.04166667
15 4 0.03448276
15 5 0.03125000
15 6 0.02777778
15 7 0.03448276
15 8 0.05000000
15 9 0.03125000
15 10 0.03571429
15 11 0.02702703
15 12 0.03333333
15 13 0.01724138
15 14 0.02777778
15 16 0.04000000
15 17 0.04347826
15 18 0.01851852
15 19 0.03030303
15 20 0.02500000
15 21 0.02325581
15 22 0.02777778
15 23 0.02040816
15 24 0.03225806
15 25 0.02777778
15 26 0.03030303
15 27 0.02500000
15 28 0.01315789
15 29 0.02083333
15 30 0.02127660
15 31 0.02631579
15 32 0.03225806
15 33 0.03225806
15 34 0.02941176
15 35 0.02173913
15 36 0.02941176
15 37 0.03030303
15 38 0.02631579
15 39 0.03125000
15 40 0.02702703
15 41 0.02325581
15 42 0.03125000
15 43 0.02777778
15 44 0.02439024
15 45 0.04347826
15 46 0.05263158
15 47 0.03125000
15 48 0.04166667
15 49 0.01315789
15 50 0.03846154
15 51 0.04545455
15 52 0.03571429
15 53 0.04545455
15 54 0.02083333
15 55 0.02500000
15 56 0.03030303
15 57 0.03846154
15 58 0.03703704
15 59 0.04000000
15 60 0.03571429
15 61 0.02702703
15 62 0.03333333
15 63 0.03846154
15 64 0.03703704
15 65 0.03225806
15 66 0.04545455
15 67 0.04545455
15 68 0.01315789
15 69 0.03571429
15 70 0.03846154
15 71 0.02857143
15 72 0.04545455
15 73 0.05555556
15 74 0.01315789
15 75 0.02857143
15 76 0.05263158
15 77 0.03448276
16 1 0.05555556
16 2 0.05263158
16 3 0.04166667
16 4 0.03448276
16 5 0.03125000
16 6 0.02777778
16 7 0.03448276
16 8 0.05000000
16 9 0.03125000
16 10 0.03571429
16 11 0.02702703
16 12 0.03333333
16 13 0.01724138
16 14 0.02777778
16 15 0.01315789
16 17 0.04347826
16 55 0.02500000
16 57 0.03846154
16 58 0.03703704
16 60 0.03571429
16 71 0.02857143
16 28 0.01315789
16 49 0.01315789
16 68 0.01315789
16 74 0.01315789
17 1 0.05555556
17 2 0.05263158
17 3 0.04166667
17 4 0.03448276
17 5 0.03125000
17 6 0.02777778
17 7 0.03448276
17 9 0.03125000
17 10 0.03571429
17 11 0.02702703
17 12 0.03333333
17 13 0.01724138
17 14 0.02777778
17 15 0.01315789
17 16 0.04000000
17 47 0.03125000
17 28 0.01315789
17 35 0.02173913
17 49 0.01315789
17 55 0.02500000
17 68 0.01315789
17 71 0.02857143
17 74 0.01315789
7 2 0.05263158
7 3 0.04166667
7 4 0.03448276
7 5 0.03125000
7 6 0.02777778
7 1 0.05555556
7 8 0.05000000
7 9 0.03125000
7 10 0.03571429
7 11 0.02702703
7 12 0.03333333
7 13 0.01724138
7 14 0.02777778
7 15 0.01315789
7 16 0.04000000
7 17 0.04347826
7 18 0.01851852
7 21 0.02325581
7 23 0.02040816
7 45 0.04347826
7 55 0.02500000
7 60 0.03571429
7 68 0.01315789
7 75 0.02857143
7 28 0.01315789
7 30 0.02127660
7 49 0.01315789
7 52 0.03571429
7 74 0.01315789
8 2 0.05263158
8 3 0.04166667
8 4 0.03448276
8 5 0.03125000
8 6 0.02777778
8 7 0.03448276
8 9 0.03125000
8 11 0.02702703
8 13 0.01724138
8 15 0.01315789
8 16 0.04000000
8 27 0.02500000
8 68 0.01315789
8 10 0.03571429
8 12 0.03333333
8 14 0.02777778
8 28 0.01315789
8 49 0.01315789
8 55 0.02500000
8 74 0.01315789
4 3 0.04166667
4 1 0.05555556
4 2 0.05263158
4 5 0.03125000
4 6 0.02777778
4 7 0.03448276
4 8 0.05000000
4 9 0.03125000
4 10 0.03571429
4 11 0.02702703
4 12 0.03333333
4 13 0.01724138
4 14 0.02777778
4 15 0.01315789
4 16 0.04000000
4 17 0.04347826
4 18 0.01851852
4 21 0.02325581
4 48 0.04166667
4 53 0.04545455
4 55 0.02500000
4 58 0.03703704
4 60 0.03571429
4 28 0.01315789
4 45 0.04347826
4 49 0.01315789
4 57 0.03846154
4 68 0.01315789
4 74 0.01315789
10 3 0.04166667
10 4 0.03448276
10 5 0.03125000
10 6 0.02777778
10 7 0.03448276
10 9 0.03125000
10 8 0.05000000
10 11 0.02702703
10 12 0.03333333
10 13 0.01724138
10 14 0.02777778
10 15 0.01315789
10 16 0.04000000
10 17 0.04347826
10 18 0.01851852
10 23 0.02040816
10 44 0.02439024
10 45 0.04347826
10 55 0.02500000
10 56 0.03030303
10 65 0.03225806
10 68 0.01315789
10 75 0.02857143
10 77 0.03448276
10 22 0.02777778
10 28 0.01315789
10 49 0.01315789
10 74 0.01315789
14 3 0.04166667
14 4 0.03448276
14 5 0.03125000
14 6 0.02777778
14 7 0.03448276
14 9 0.03125000
14 10 0.03571429
14 11 0.02702703
14 12 0.03333333
14 13 0.01724138
14 1 0.05555556
14 2 0.05263158
14 8 0.05000000
14 15 0.01315789
14 16 0.04000000
14 17 0.04347826
14 18 0.01851852
14 20 0.02500000
14 23 0.02040816
14 29 0.02083333
14 38 0.02631579
14 40 0.02702703
14 41 0.02325581
14 52 0.03571429
14 55 0.02500000
14 56 0.03030303
14 59 0.04000000
14 60 0.03571429
14 61 0.02702703
14 68 0.01315789
14 75 0.02857143
14 77 0.03448276
14 28 0.01315789
14 37 0.03030303
14 49 0.01315789
14 74 0.01315789
18 3 0.04166667
18 4 0.03448276
18 5 0.03125000
18 6 0.02777778
18 7 0.03448276
18 10 0.03571429
18 11 0.02702703
18 13 0.01724138
18 14 0.02777778
18 15 0.01315789
18 9 0.03125000
18 12 0.03333333
18 19 0.03030303
18 20 0.02500000
18 21 0.02325581
18 22 0.02777778
18 23 0.02040816
18 24 0.03225806
18 25 0.02777778
18 26 0.03030303
18 27 0.02500000
18 28 0.01315789
18 29 0.02083333
18 30 0.02127660
18 31 0.02631579
18 32 0.03225806
18 33 0.03225806
18 34 0.02941176
18 35 0.02173913
18 36 0.02941176
18 37 0.03030303
18 38 0.02631579
18 39 0.03125000
18 40 0.02702703
18 41 0.02325581
18 42 0.03125000
18 43 0.02777778
18 44 0.02439024
18 47 0.03125000
18 48 0.04166667
18 49 0.01315789
18 50 0.03846154
18 53 0.04545455
18 54 0.02083333
18 55 0.02500000
18 56 0.03030303
18 57 0.03846154
18 58 0.03703704
18 59 0.04000000
18 60 0.03571429
18 61 0.02702703
18 68 0.01315789
18 75 0.02857143
18 74 0.01315789
52 3 0.04166667
52 11 0.02702703
52 12 0.03333333
52 13 0.01724138
52 14 0.02777778
52 15 0.01315789
52 20 0.02500000
52 28 0.01315789
52 45 0.04347826
52 46 0.05263158
52 47 0.03125000
52 48 0.04166667
52 49 0.01315789
52 50 0.03846154
52 51 0.04545455
52 7 0.03448276
52 53 0.04545455
52 54 0.02083333
52 55 0.02500000
52 56 0.03030303
52 57 0.03846154
52 58 0.03703704
52 59 0.04000000
52 60 0.03571429
52 71 0.02857143
52 68 0.01315789
52 74 0.01315789
52 75 0.02857143
55 3 0.04166667
55 4 0.03448276
55 5 0.03125000
55 6 0.02777778
55 7 0.03448276
55 9 0.03125000
55 10 0.03571429
55 11 0.02702703
55 13 0.01724138
55 14 0.02777778
55 15 0.01315789
55 16 0.04000000
55 18 0.01851852
55 21 0.02325581
55 22 0.02777778
55 23 0.02040816
55 25 0.02777778
55 28 0.01315789
55 45 0.04347826
55 46 0.05263158
55 47 0.03125000
55 48 0.04166667
55 49 0.01315789
55 50 0.03846154
55 51 0.04545455
55 52 0.03571429
55 53 0.04545455
55 54 0.02083333
55 8 0.05000000
55 12 0.03333333
55 17 0.04347826
55 56 0.03030303
55 57 0.03846154
55 58 0.03703704
55 59 0.04000000
55 60 0.03571429
55 68 0.01315789
55 69 0.03571429
55 75 0.02857143
55 74 0.01315789
68 3 0.04166667
68 5 0.03125000
68 6 0.02777778
68 7 0.03448276
68 8 0.05000000
68 9 0.03125000
68 10 0.03571429
68 12 0.03333333
68 13 0.01724138
68 14 0.02777778
68 15 0.01315789
68 18 0.01851852
68 20 0.02500000
68 21 0.02325581
68 22 0.02777778
68 23 0.02040816
68 28 0.01315789
68 29 0.02083333
68 30 0.02127660
68 31 0.02631579
68 34 0.02941176
68 35 0.02173913
68 37 0.03030303
68 38 0.02631579
68 39 0.03125000
68 40 0.02702703
68 41 0.02325581
68 43 0.02777778
68 44 0.02439024
68 47 0.03125000
68 48 0.04166667
68 49 0.01315789
68 51 0.04545455
68 54 0.02083333
68 55 0.02500000
68 56 0.03030303
68 57 0.03846154
68 58 0.03703704
68 60 0.03571429
68 61 0.02702703
68 62 0.03333333
68 63 0.03846154
68 64 0.03703704
68 65 0.03225806
68 66 0.04545455
68 67 0.04545455
68 1 0.05555556
68 2 0.05263158
68 4 0.03448276
68 11 0.02702703
68 16 0.04000000
68 17 0.04347826
68 19 0.03030303
68 24 0.03225806
68 25 0.02777778
68 26 0.03030303
68 27 0.02500000
68 32 0.03225806
68 33 0.03225806
68 36 0.02941176
68 42 0.03125000
68 45 0.04347826
68 46 0.05263158
68 50 0.03846154
68 52 0.03571429
68 53 0.04545455
68 59 0.04000000
68 69 0.03571429
68 70 0.03846154
68 71 0.02857143
68 72 0.04545455
68 73 0.05555556
68 74 0.01315789
68 75 0.02857143
68 76 0.05263158
68 77 0.03448276
75 3 0.04166667
75 6 0.02777778
75 7 0.03448276
75 10 0.03571429
75 13 0.01724138
75 14 0.02777778
75 15 0.01315789
75 18 0.01851852
75 23 0.02040816
75 28 0.01315789
75 30 0.02127660
75 31 0.02631579
75 40 0.02702703
75 41 0.02325581
75 49 0.01315789
75 55 0.02500000
75 61 0.02702703
75 62 0.03333333
75 63 0.03846154
75 64 0.03703704
75 65 0.03225806
75 66 0.04545455
75 67 0.04545455
75 68 0.01315789
75 69 0.03571429
75 70 0.03846154
75 71 0.02857143
75 72 0.04545455
75 74 0.01315789
75 11 0.02702703
75 52 0.03571429
75 56 0.03030303
75 73 0.05555556
75 76 0.05263158
75 77 0.03448276
21 4 0.03448276
21 5 0.03125000
21 6 0.02777778
21 7 0.03448276
21 13 0.01724138
21 15 0.01315789
21 18 0.01851852
21 19 0.03030303
21 20 0.02500000
21 12 0.03333333
21 22 0.02777778
21 23 0.02040816
21 24 0.03225806
21 25 0.02777778
21 26 0.03030303
21 27 0.02500000
21 28 0.01315789
21 29 0.02083333
21 30 0.02127660
21 31 0.02631579
21 32 0.03225806
21 33 0.03225806
21 34 0.02941176
21 35 0.02173913
21 36 0.02941176
21 37 0.03030303
21 38 0.02631579
21 39 0.03125000
21 40 0.02702703
21 41 0.02325581
21 42 0.03125000
21 43 0.02777778
21 44 0.02439024
21 47 0.03125000
21 50 0.03846154
21 54 0.02083333
21 55 0.02500000
21 58 0.03703704
21 59 0.04000000
21 60 0.03571429
21 68 0.01315789
21 49 0.01315789
21 74 0.01315789
48 4 0.03448276
48 5 0.03125000
48 13 0.01724138
48 15 0.01315789
48 18 0.01851852
48 28 0.01315789
48 45 0.04347826
48 46 0.05263158
48 47 0.03125000
48 49 0.01315789
48 50 0.03846154
48 51 0.04545455
48 52 0.03571429
48 53 0.04545455
48 54 0.02083333
48 55 0.02500000
48 56 0.03030303
48 57 0.03846154
48 58 0.03703704
48 60 0.03571429
48 68 0.01315789
48 71 0.02857143
48 74 0.01315789
48 77 0.03448276
53 4 0.03448276
53 5 0.03125000
53 15 0.01315789
53 18 0.01851852
53 28 0.01315789
53 45 0.04347826
53 46 0.05263158
53 47 0.03125000
53 48 0.04166667
53 49 0.01315789
53 50 0.03846154
53 51 0.04545455
53 52 0.03571429
53 54 0.02083333
53 55 0.02500000
53 56 0.03030303
53 57 0.03846154
53 58 0.03703704
53 59 0.04000000
53 60 0.03571429
53 68 0.01315789
53 74 0.01315789
58 4 0.03448276
58 5 0.03125000
58 6 0.02777778
58 13 0.01724138
58 15 0.01315789
58 16 0.04000000
58 18 0.01851852
58 21 0.02325581
58 23 0.02040816
58 28 0.01315789
58 45 0.04347826
58 46 0.05263158
58 47 0.03125000
58 48 0.04166667
58 49 0.01315789
58 50 0.03846154
58 51 0.04545455
58 52 0.03571429
58 53 0.04545455
58 54 0.02083333
58 55 0.02500000
58 56 0.03030303
58 57 0.03846154
58 59 0.04000000
58 60 0.03571429
58 68 0.01315789
58 74 0.01315789
60 4 0.03448276
60 5 0.03125000
60 6 0.02777778
60 7 0.03448276
60 13 0.01724138
60 14 0.02777778
60 15 0.01315789
60 16 0.04000000
60 18 0.01851852
60 21 0.02325581
60 28 0.01315789
60 45 0.04347826
60 46 0.05263158
60 47 0.03125000
60 48 0.04166667
60 49 0.01315789
60 50 0.03846154
60 51 0.04545455
60 52 0.03571429
60 53 0.04545455
60 54 0.02083333
60 55 0.02500000
60 56 0.03030303
60 57 0.03846154
60 58 0.03703704
60 59 0.04000000
60 68 0.01315789
60 74 0.01315789
23 5 0.03125000
23 6 0.02777778
23 7 0.03448276
23 10 0.03571429
23 11 0.02702703
23 13 0.01724138
23 14 0.02777778
23 15 0.01315789
23 18 0.01851852
23 19 0.03030303
23 20 0.02500000
23 21 0.02325581
23 22 0.02777778
23 9 0.03125000
23 12 0.03333333
23 24 0.03225806
23 25 0.02777778
23 26 0.03030303
23 27 0.02500000
23 28 0.01315789
23 29 0.02083333
23 30 0.02127660
23 31 0.02631579
23 32 0.03225806
23 33 0.03225806
23 34 0.02941176
23 35 0.02173913
23 36 0.02941176
23 37 0.03030303
23 38 0.02631579
23 39 0.03125000
23 40 0.02702703
23 41 0.02325581
23 42 0.03125000
23 43 0.02777778
23 44 0.02439024
23 55 0.02500000
23 56 0.03030303
23 58 0.03703704
23 61 0.02702703
23 68 0.01315789
23 69 0.03571429
23 70 0.03846154
23 71 0.02857143
23 75 0.02857143
23 77 0.03448276
23 49 0.01315789
23 54 0.02083333
23 74 0.01315789
49 5 0.03125000
49 15 0.01315789
49 18 0.01851852
49 28 0.01315789
49 45 0.04347826
49 47 0.03125000
49 48 0.04166667
49 1 0.05555556
49 2 0.05263158
49 3 0.04166667
49 4 0.03448276
49 6 0.02777778
49 7 0.03448276
49 8 0.05000000
49 9 0.03125000
49 10 0.03571429
49 11 0.02702703
49 12 0.03333333
49 13 0.01724138
49 14 0.02777778
49 16 0.04000000
49 17 0.04347826
49 19 0.03030303
49 20 0.02500000
49 21 0.02325581
49 22 0.02777778
49 23 0.02040816
49 24 0.03225806
49 25 0.02777778
49 26 0.03030303
49 27 0.02500000
49 29 0.02083333
49 30 0.02127660
49 31 0.02631579
49 32 0.03225806
49 33 0.03225806
49 34 0.02941176
49 35 0.02173913
49 36 0.02941176
49 37 0.03030303
49 38 0.02631579
49 39 0.03125000
49 40 0.02702703
49 41 0.02325581
49 42 0.03125000
49 43 0.02777778
49 44 0.02439024
49 46 0.05263158
49 50 0.03846154
49 51 0.04545455
49 52 0.03571429
49 53 0.04545455
49 54 0.02083333
49 55 0.02500000
49 56 0.03030303
49 57 0.03846154
49 58 0.03703704
49 59 0.04000000
49 60 0.03571429
49 61 0.02702703
49 62 0.03333333
49 63 0.03846154
49 64 0.03703704
49 65 0.03225806
49 66 0.04545455
49 67 0.04545455
49 68 0.01315789
49 69 0.03571429
49 70 0.03846154
49 71 0.02857143
49 72 0.04545455
49 73 0.05555556
49 74 0.01315789
49 75 0.02857143
49 76 0.05263158
49 77 0.03448276
50 5 0.03125000
50 13 0.01724138
50 15 0.01315789
50 18 0.01851852
50 21 0.02325581
50 28 0.01315789
50 35 0.02173913
50 45 0.04347826
50 46 0.05263158
50 47 0.03125000
50 48 0.04166667
50 49 0.01315789
50 12 0.03333333
50 29 0.02083333
50 52 0.03571429
50 53 0.04545455
50 54 0.02083333
50 55 0.02500000
50 56 0.03030303
50 57 0.03846154
50 58 0.03703704
50 59 0.04000000
50 60 0.03571429
50 51 0.04545455
50 68 0.01315789
50 74 0.01315789
56 5 0.03125000
56 6 0.02777778
56 10 0.03571429
56 13 0.01724138
56 14 0.02777778
56 15 0.01315789
56 18 0.01851852
56 22 0.02777778
56 23 0.02040816
56 28 0.01315789
56 29 0.02083333
56 30 0.02127660
56 35 0.02173913
56 45 0.04347826
56 46 0.05263158
56 47 0.03125000
56 48 0.04166667
56 49 0.01315789
56 50 0.03846154
56 51 0.04545455
56 52 0.03571429
56 53 0.04545455
56 54 0.02083333
56 55 0.02500000
56 57 0.03846154
56 58 0.03703704
56 59 0.04000000
56 60 0.03571429
56 68 0.01315789
56 69 0.03571429
56 74 0.01315789
56 75 0.02857143
56 77 0.03448276
57 5 0.03125000
57 15 0.01315789
57 16 0.04000000
57 18 0.01851852
57 28 0.01315789
57 45 0.04347826
57 46 0.05263158
57 47 0.03125000
57 48 0.04166667
57 49 0.01315789
57 50 0.03846154
57 51 0.04545455
57 52 0.03571429
57 53 0.04545455
57 54 0.02083333
57 55 0.02500000
57 56 0.03030303
57 4 0.03448276
57 58 0.03703704
57 59 0.04000000
57 60 0.03571429
57 62 0.03333333
57 65 0.03225806
57 68 0.01315789
57 71 0.02857143
57 74 0.01315789
59 5 0.03125000
59 6 0.02777778
59 11 0.02702703
59 13 0.01724138
59 14 0.02777778
59 15 0.01315789
59 18 0.01851852
59 21 0.02325581
59 28 0.01315789
59 45 0.04347826
59 46 0.05263158
59 47 0.03125000
59 49 0.01315789
59 50 0.03846154
59 51 0.04545455
59 52 0.03571429
59 53 0.04545455
59 54 0.02083333
59 55 0.02500000
59 56 0.03030303
59 57 0.03846154
59 58 0.03703704
59 60 0.03571429
59 68 0.01315789
59 74 0.01315789
38 6 0.02777778
38 11 0.02702703
38 13 0.01724138
38 14 0.02777778
38 15 0.01315789
38 18 0.01851852
38 19 0.03030303
38 20 0.02500000
38 21 0.02325581
38 22 0.02777778
38 23 0.02040816
38 24 0.03225806
38 25 0.02777778
38 26 0.03030303
38 27 0.02500000
38 28 0.01315789
38 29 0.02083333
38 30 0.02127660
38 31 0.02631579
38 32 0.03225806
38 34 0.02941176
38 35 0.02173913
38 36 0.02941176
38 37 0.03030303
38 33 0.03225806
38 39 0.03125000
38 40 0.02702703
38 41 0.02325581
38 42 0.03125000
38 43 0.02777778
38 44 0.02439024
38 54 0.02083333
38 61 0.02702703
38 62 0.03333333
38 68 0.01315789
38 70 0.03846154
38 49 0.01315789
38 74 0.01315789
40 6 0.02777778
40 11 0.02702703
40 13 0.01724138
40 14 0.02777778
40 15 0.01315789
40 18 0.01851852
40 19 0.03030303
40 20 0.02500000
40 21 0.02325581
40 22 0.02777778
40 23 0.02040816
40 24 0.03225806
40 25 0.02777778
40 26 0.03030303
40 27 0.02500000
40 28 0.01315789
40 29 0.02083333
40 30 0.02127660
40 31 0.02631579
40 32 0.03225806
40 34 0.02941176
40 35 0.02173913
40 36 0.02941176
40 37 0.03030303
40 38 0.02631579
40 39 0.03125000
40 33 0.03225806
40 41 0.02325581
40 42 0.03125000
40 43 0.02777778
40 44 0.02439024
40 54 0.02083333
40 61 0.02702703
40 68 0.01315789
40 75 0.02857143
40 49 0.01315789
40 74 0.01315789
62 6 0.02777778
62 13 0.01724138
62 15 0.01315789
62 27 0.02500000
62 28 0.01315789
62 29 0.02083333
62 30 0.02127660
62 31 0.02631579
62 36 0.02941176
62 38 0.02631579
62 41 0.02325581
62 44 0.02439024
62 49 0.01315789
62 57 0.03846154
62 61 0.02702703
62 63 0.03846154
62 64 0.03703704
62 65 0.03225806
62 66 0.04545455
62 67 0.04545455
62 68 0.01315789
62 69 0.03571429
62 70 0.03846154
62 71 0.02857143
62 72 0.04545455
62 73 0.05555556
62 74 0.01315789
62 75 0.02857143
62 76 0.05263158
62 77 0.03448276
67 6 0.02777778
67 15 0.01315789
67 28 0.01315789
67 44 0.02439024
67 49 0.01315789
67 54 0.02083333
67 61 0.02702703
67 62 0.03333333
67 63 0.03846154
67 64 0.03703704
67 65 0.03225806
67 66 0.04545455
67 68 0.01315789
67 69 0.03571429
67 70 0.03846154
67 71 0.02857143
67 72 0.04545455
67 73 0.05555556
67 74 0.01315789
67 75 0.02857143
67 76 0.05263158
67 77 0.03448276
69 6 0.02777778
69 13 0.01724138
69 15 0.01315789
69 23 0.02040816
69 28 0.01315789
69 29 0.02083333
69 30 0.02127660
69 35 0.02173913
69 41 0.02325581
69 49 0.01315789
69 55 0.02500000
69 56 0.03030303
69 61 0.02702703
69 62 0.03333333
69 63 0.03846154
69 64 0.03703704
69 65 0.03225806
69 66 0.04545455
69 67 0.04545455
69 68 0.01315789
69 70 0.03846154
69 71 0.02857143
69 72 0.04545455
69 73 0.05555556
69 74 0.01315789
69 75 0.02857143
69 76 0.05263158
69 77 0.03448276
71 6 0.02777778
71 9 0.03125000
71 12 0.03333333
71 13 0.01724138
71 15 0.01315789
71 16 0.04000000
71 20 0.02500000
71 23 0.02040816
71 28 0.01315789
71 35 0.02173913
71 41 0.02325581
71 48 0.04166667
71 49 0.01315789
71 52 0.03571429
71 54 0.02083333
71 57 0.03846154
71 61 0.02702703
71 62 0.03333333
71 63 0.03846154
71 64 0.03703704
71 65 0.03225806
71 66 0.04545455
71 67 0.04545455
71 68 0.01315789
71 69 0.03571429
71 17 0.04347826
71 29 0.02083333
71 30 0.02127660
71 51 0.04545455
71 72 0.04545455
71 73 0.05555556
71 74 0.01315789
71 75 0.02857143
71 76 0.05263158
71 77 0.03448276
45 7 0.03448276
45 10 0.03571429
45 13 0.01724138
45 15 0.01315789
45 28 0.01315789
45 4 0.03448276
45 46 0.05263158
45 47 0.03125000
45 48 0.04166667
45 49 0.01315789
45 50 0.03846154
45 51 0.04545455
45 52 0.03571429
45 53 0.04545455
45 54 0.02083333
45 55 0.02500000
45 56 0.03030303
45 57 0.03846154
45 58 0.03703704
45 59 0.04000000
45 60 0.03571429
45 68 0.01315789
45 74 0.01315789
27 8 0.05000000
27 9 0.03125000
27 11 0.02702703
27 13 0.01724138
27 15 0.01315789
27 18 0.01851852
27 19 0.03030303
27 20 0.02500000
27 21 0.02325581
27 22 0.02777778
27 23 0.02040816
27 24 0.03225806
27 25 0.02777778
27 26 0.03030303
27 28 0.01315789
27 29 0.02083333
27 30 0.02127660
27 31 0.02631579
27 32 0.03225806
27 33 0.03225806
27 34 0.02941176
27 35 0.02173913
27 36 0.02941176
27 37 0.03030303
27 38 0.02631579
27 39 0.03125000
27 40 0.02702703
27 41 0.02325581
27 42 0.03125000
27 43 0.02777778
27 44 0.02439024
27 61 0.02702703
27 62 0.03333333
27 63 0.03846154
27 64 0.03703704
27 65 0.03225806
27 49 0.01315789
27 54 0.02083333
27 68 0.01315789
27 74 0.01315789
28 9 0.03125000
28 13 0.01724138
28 15 0.01315789
28 18 0.01851852
28 19 0.03030303
28 20 0.02500000
28 21 0.02325581
28 22 0.02777778
28 23 0.02040816
28 24 0.03225806
28 25 0.02777778
28 26 0.03030303
28 27 0.02500000
28 1 0.05555556
28 2 0.05263158
28 3 0.04166667
28 4 0.03448276
28 5 0.03125000
28 6 0.02777778
28 7 0.03448276
28 8 0.05000000
28 10 0.03571429
28 11 0.02702703
28 12 0.03333333
28 14 0.02777778
28 16 0.04000000
28 17 0.04347826
28 29 0.02083333
28 30 0.02127660
28 31 0.02631579
28 32 0.03225806
28 33 0.03225806
28 34 0.02941176
28 35 0.02173913
28 36 0.02941176
28 37 0.03030303
28 38 0.02631579
28 39 0.03125000
28 40 0.02702703
28 41 0.02325581
28 42 0.03125000
28 43 0.02777778
28 44 0.02439024
28 45 0.04347826
28 46 0.05263158
28 47 0.03125000
28 48 0.04166667
28 49 0.01315789
28 50 0.03846154
28 51 0.04545455
28 52 0.03571429
28 53 0.04545455
28 54 0.02083333
28 55 0.02500000
28 56 0.03030303
28 57 0.03846154
28 58 0.03703704
28 59 0.04000000
28 60 0.03571429
28 61 0.02702703
28 62 0.03333333
28 63 0.03846154
28 64 0.03703704
28 65 0.03225806
28 66 0.04545455
28 67 0.04545455
28 68 0.01315789
28 69 0.03571429
28 70 0.03846154
28 71 0.02857143
28 72 0.04545455
28 73 0.05555556
28 74 0.01315789
28 75 0.02857143
28 76 0.05263158
28 77 0.03448276
34 9 0.03125000
34 15 0.01315789
34 18 0.01851852
34 19 0.03030303
34 20 0.02500000
34 21 0.02325581
34 22 0.02777778
34 23 0.02040816
34 24 0.03225806
34 25 0.02777778
34 26 0.03030303
34 27 0.02500000
34 28 0.01315789
34 29 0.02083333
34 30 0.02127660
34 31 0.02631579
34 32 0.03225806
34 33 0.03225806
34 35 0.02173913
34 36 0.02941176
34 37 0.03030303
34 38 0.02631579
34 39 0.03125000
34 40 0.02702703
34 41 0.02325581
34 42 0.03125000
34 43 0.02777778
34 44 0.02439024
34 68 0.01315789
34 49 0.01315789
34 54 0.02083333
34 61 0.02702703
34 63 0.03846154
34 74 0.01315789
35 9 0.03125000
35 12 0.03333333
35 13 0.01724138
35 15 0.01315789
35 18 0.01851852
35 19 0.03030303
35 20 0.02500000
35 21 0.02325581
35 22 0.02777778
35 23 0.02040816
35 24 0.03225806
35 25 0.02777778
35 26 0.03030303
35 27 0.02500000
35 28 0.01315789
35 29 0.02083333
35 30 0.02127660
35 31 0.02631579
35 32 0.03225806
35 33 0.03225806
35 34 0.02941176
35 6 0.02777778
35 17 0.04347826
35 36 0.02941176
35 37 0.03030303
35 38 0.02631579
35 39 0.03125000
35 40 0.02702703
35 41 0.02325581
35 42 0.03125000
35 43 0.02777778
35 44 0.02439024
35 47 0.03125000
35 50 0.03846154
35 54 0.02083333
35 56 0.03030303
35 61 0.02702703
35 63 0.03846154
35 64 0.03703704
35 65 0.03225806
35 68 0.01315789
35 69 0.03571429
35 70 0.03846154
35 71 0.02857143
35 49 0.01315789
35 74 0.01315789
44 9 0.03125000
44 10 0.03571429
44 15 0.01315789
44 18 0.01851852
44 19 0.03030303
44 20 0.02500000
44 21 0.02325581
44 22 0.02777778
44 23 0.02040816
44 24 0.03225806
44 25 0.02777778
44 26 0.03030303
44 27 0.02500000
44 28 0.01315789
44 29 0.02083333
44 30 0.02127660
44 31 0.02631579
44 32 0.03225806
44 33 0.03225806
44 34 0.02941176
44 35 0.02173913
44 36 0.02941176
44 37 0.03030303
44 38 0.02631579
44 39 0.03125000
44 40 0.02702703
44 41 0.02325581
44 42 0.03125000
44 43 0.02777778
44 13 0.01724138
44 47 0.03125000
44 51 0.04545455
44 54 0.02083333
44 61 0.02702703
44 62 0.03333333
44 65 0.03225806
44 67 0.04545455
44 68 0.01315789
44 77 0.03448276
44 49 0.01315789
44 74 0.01315789
74 9 0.03125000
74 15 0.01315789
74 28 0.01315789
74 29 0.02083333
74 49 0.01315789
74 61 0.02702703
74 62 0.03333333
74 63 0.03846154
74 64 0.03703704
74 65 0.03225806
74 66 0.04545455
74 67 0.04545455
74 68 0.01315789
74 69 0.03571429
74 71 0.02857143
74 72 0.04545455
74 1 0.05555556
74 2 0.05263158
74 3 0.04166667
74 4 0.03448276
74 5 0.03125000
74 6 0.02777778
74 7 0.03448276
74 8 0.05000000
74 10 0.03571429
74 11 0.02702703
74 12 0.03333333
74 13 0.01724138
74 14 0.02777778
74 16 0.04000000
74 17 0.04347826
74 18 0.01851852
74 19 0.03030303
74 20 0.02500000
74 21 0.02325581
74 22 0.02777778
74 23 0.02040816
74 24 0.03225806
74 25 0.02777778
74 26 0.03030303
74 27 0.02500000
74 30 0.02127660
74 31 0.02631579
74 32 0.03225806
74 33 0.03225806
74 34 0.02941176
74 35 0.02173913
74 36 0.02941176
74 37 0.03030303
74 38 0.02631579
74 39 0.03125000
74 40 0.02702703
74 41 0.02325581
74 42 0.03125000
74 43 0.02777778
74 44 0.02439024
74 45 0.04347826
74 46 0.05263158
74 47 0.03125000
74 48 0.04166667
74 50 0.03846154
74 51 0.04545455
74 52 0.03571429
74 53 0.04545455
74 54 0.02083333
74 55 0.02500000
74 56 0.03030303
74 57 0.03846154
74 58 0.03703704
74 59 0.04000000
74 60 0.03571429
74 70 0.03846154
74 73 0.05555556
74 75 0.02857143
74 76 0.05263158
74 77 0.03448276
65 10 0.03571429
65 13 0.01724138
65 15 0.01315789
65 19 0.03030303
65 27 0.02500000
65 28 0.01315789
65 29 0.02083333
65 30 0.02127660
65 31 0.02631579
65 35 0.02173913
65 43 0.02777778
65 44 0.02439024
65 49 0.01315789
65 57 0.03846154
65 61 0.02702703
65 62 0.03333333
65 63 0.03846154
65 64 0.03703704
65 51 0.04545455
65 66 0.04545455
65 67 0.04545455
65 68 0.01315789
65 69 0.03571429
65 70 0.03846154
65 71 0.02857143
65 72 0.04545455
65 73 0.05555556
65 74 0.01315789
65 75 0.02857143
65 76 0.05263158
65 77 0.03448276
77 10 0.03571429
77 13 0.01724138
77 14 0.02777778
77 15 0.01315789
77 23 0.02040816
77 28 0.01315789
77 29 0.02083333
77 30 0.02127660
77 41 0.02325581
77 44 0.02439024
77 49 0.01315789
77 61 0.02702703
77 62 0.03333333
77 63 0.03846154
77 64 0.03703704
77 65 0.03225806
77 66 0.04545455
77 67 0.04545455
77 68 0.01315789
77 69 0.03571429
77 70 0.03846154
77 71 0.02857143
77 72 0.04545455
77 74 0.01315789
77 75 0.02857143
77 76 0.05263158
77 48 0.04166667
77 56 0.03030303
77 73 0.05555556
29 11 0.02702703
29 13 0.01724138
29 14 0.02777778
29 15 0.01315789
29 18 0.01851852
29 19 0.03030303
29 20 0.02500000
29 21 0.02325581
29 22 0.02777778
29 23 0.02040816
29 24 0.03225806
29 25 0.02777778
29 26 0.03030303
29 27 0.02500000
29 28 0.01315789
29 9 0.03125000
29 30 0.02127660
29 31 0.02631579
29 32 0.03225806
29 33 0.03225806
29 34 0.02941176
29 35 0.02173913
29 36 0.02941176
29 37 0.03030303
29 38 0.02631579
29 39 0.03125000
29 40 0.02702703
29 41 0.02325581
29 42 0.03125000
29 43 0.02777778
29 44 0.02439024
29 47 0.03125000
29 54 0.02083333
29 56 0.03030303
29 61 0.02702703
29 62 0.03333333
29 63 0.03846154
29 64 0.03703704
29 65 0.03225806
29 66 0.04545455
29 68 0.01315789
29 69 0.03571429
29 70 0.03846154
29 74 0.01315789
29 77 0.03448276
29 49 0.01315789
29 50 0.03846154
29 71 0.02857143
41 11 0.02702703
41 13 0.01724138
41 14 0.02777778
41 15 0.01315789
41 18 0.01851852
41 19 0.03030303
41 20 0.02500000
41 21 0.02325581
41 22 0.02777778
41 23 0.02040816
41 24 0.03225806
41 25 0.02777778
41 26 0.03030303
41 27 0.02500000
41 28 0.01315789
41 29 0.02083333
41 30 0.02127660
41 31 0.02631579
41 32 0.03225806
41 34 0.02941176
41 35 0.02173913
41 36 0.02941176
41 37 0.03030303
41 38 0.02631579
41 39 0.03125000
41 40 0.02702703
41 33 0.03225806
41 42 0.03125000
41 43 0.02777778
41 44 0.02439024
41 54 0.02083333
41 61 0.02702703
41 62 0.03333333
41 64 0.03703704
41 68 0.01315789
41 69 0.03571429
41 70 0.03846154
41 71 0.02857143
41 72 0.04545455
41 75 0.02857143
41 77 0.03448276
41 49 0.01315789
41 74 0.01315789
47 12 0.03333333
47 13 0.01724138
47 15 0.01315789
47 17 0.04347826
47 18 0.01851852
47 21 0.02325581
47 25 0.02777778
47 26 0.03030303
47 28 0.01315789
47 29 0.02083333
47 30 0.02127660
47 35 0.02173913
47 42 0.03125000
47 43 0.02777778
47 44 0.02439024
47 45 0.04347826
47 46 0.05263158
47 48 0.04166667
47 49 0.01315789
47 50 0.03846154
47 51 0.04545455
47 52 0.03571429
47 53 0.04545455
47 54 0.02083333
47 55 0.02500000
47 56 0.03030303
47 57 0.03846154
47 58 0.03703704
47 59 0.04000000
47 60 0.03571429
47 68 0.01315789
47 74 0.01315789
20 13 0.01724138
20 14 0.02777778
20 15 0.01315789
20 18 0.01851852
20 19 0.03030303
20 9 0.03125000
20 11 0.02702703
20 12 0.03333333
20 21 0.02325581
20 22 0.02777778
20 23 0.02040816
20 24 0.03225806
20 25 0.02777778
20 26 0.03030303
20 27 0.02500000
20 28 0.01315789
20 29 0.02083333
20 30 0.02127660
20 31 0.02631579
20 32 0.03225806
20 33 0.03225806
20 34 0.02941176
20 35 0.02173913
20 36 0.02941176
20 37 0.03030303
20 38 0.02631579
20 39 0.03125000
20 40 0.02702703
20 41 0.02325581
20 42 0.03125000
20 43 0.02777778
20 44 0.02439024
20 52 0.03571429
20 54 0.02083333
20 61 0.02702703
20 68 0.01315789
20 70 0.03846154
20 71 0.02857143
20 49 0.01315789
20 74 0.01315789
22 13 0.01724138
22 15 0.01315789
22 18 0.01851852
22 19 0.03030303
22 20 0.02500000
22 21 0.02325581
22 10 0.03571429
22 11 0.02702703
22 23 0.02040816
22 24 0.03225806
22 25 0.02777778
22 26 0.03030303
22 27 0.02500000
22 28 0.01315789
22 29 0.02083333
22 30 0.02127660
22 31 0.02631579
22 32 0.03225806
22 33 0.03225806
22 34 0.02941176
22 35 0.02173913
22 36 0.02941176
22 37 0.03030303
22 38 0.02631579
22 39 0.03125000
22 40 0.02702703
22 41 0.02325581
22 42 0.03125000
22 43 0.02777778
22 44 0.02439024
22 54 0.02083333
22 55 0.02500000
22 56 0.03030303
22 68 0.01315789
22 49 0.01315789
22 74 0.01315789
26 13 0.01724138
26 15 0.01315789
26 18 0.01851852
26 19 0.03030303
26 20 0.02500000
26 21 0.02325581
26 22 0.02777778
26 23 0.02040816
26 24 0.03225806
26 25 0.02777778
26 27 0.02500000
26 28 0.01315789
26 29 0.02083333
26 30 0.02127660
26 31 0.02631579
26 32 0.03225806
26 33 0.03225806
26 34 0.02941176
26 35 0.02173913
26 36 0.02941176
26 37 0.03030303
26 38 0.02631579
26 39 0.03125000
26 40 0.02702703
26 41 0.02325581
26 42 0.03125000
26 43 0.02777778
26 44 0.02439024
26 47 0.03125000
26 54 0.02083333
26 49 0.01315789
26 68 0.01315789
26 74 0.01315789
36 13 0.01724138
36 15 0.01315789
36 18 0.01851852
36 19 0.03030303
36 20 0.02500000
36 21 0.02325581
36 22 0.02777778
36 23 0.02040816
36 24 0.03225806
36 25 0.02777778
36 26 0.03030303
36 27 0.02500000
36 28 0.01315789
36 29 0.02083333
36 30 0.02127660
36 31 0.02631579
36 32 0.03225806
36 33 0.03225806
36 34 0.02941176
36 35 0.02173913
36 37 0.03030303
36 38 0.02631579
36 39 0.03125000
36 40 0.02702703
36 41 0.02325581
36 42 0.03125000
36 43 0.02777778
36 44 0.02439024
36 62 0.03333333
36 49 0.01315789
36 54 0.02083333
36 61 0.02702703
36 68 0.01315789
36 74 0.01315789
46 13 0.01724138
46 15 0.01315789
46 28 0.01315789
46 45 0.04347826
46 47 0.03125000
46 48 0.04166667
46 50 0.03846154
46 52 0.03571429
46 53 0.04545455
46 55 0.02500000
46 56 0.03030303
46 57 0.03846154
46 58 0.03703704
46 59 0.04000000
46 60 0.03571429
46 49 0.01315789
46 51 0.04545455
46 68 0.01315789
46 74 0.01315789
54 13 0.01724138
54 15 0.01315789
54 18 0.01851852
54 20 0.02500000
54 21 0.02325581
54 22 0.02777778
54 25 0.02777778
54 26 0.03030303
54 28 0.01315789
54 29 0.02083333
54 30 0.02127660
54 35 0.02173913
54 37 0.03030303
54 38 0.02631579
54 39 0.03125000
54 40 0.02702703
54 41 0.02325581
54 42 0.03125000
54 43 0.02777778
54 44 0.02439024
54 45 0.04347826
54 47 0.03125000
54 48 0.04166667
54 49 0.01315789
54 50 0.03846154
54 51 0.04545455
54 52 0.03571429
54 53 0.04545455
54 19 0.03030303
54 23 0.02040816
54 24 0.03225806
54 27 0.02500000
54 31 0.02631579
54 32 0.03225806
54 33 0.03225806
54 34 0.02941176
54 36 0.02941176
54 55 0.02500000
54 56 0.03030303
54 57 0.03846154
54 58 0.03703704
54 59 0.04000000
54 60 0.03571429
54 64 0.03703704
54 67 0.04545455
54 68 0.01315789
54 71 0.02857143
54 74 0.01315789
61 14 0.02777778
61 15 0.01315789
61 18 0.01851852
61 20 0.02500000
61 23 0.02040816
61 27 0.02500000
61 28 0.01315789
61 29 0.02083333
61 30 0.02127660
61 31 0.02631579
61 35 0.02173913
61 38 0.02631579
61 40 0.02702703
61 41 0.02325581
61 43 0.02777778
61 44 0.02439024
61 49 0.01315789
61 9 0.03125000
61 11 0.02702703
61 34 0.02941176
61 36 0.02941176
61 62 0.03333333
61 63 0.03846154
61 64 0.03703704
61 65 0.03225806
61 66 0.04545455
61 67 0.04545455
61 68 0.01315789
61 69 0.03571429
61 70 0.03846154
61 71 0.02857143
61 72 0.04545455
61 73 0.05555556
61 74 0.01315789
61 75 0.02857143
61 76 0.05263158
61 77 0.03448276
19 15 0.01315789
19 18 0.01851852
19 20 0.02500000
19 21 0.02325581
19 22 0.02777778
19 23 0.02040816
19 24 0.03225806
19 25 0.02777778
19 26 0.03030303
19 27 0.02500000
19 28 0.01315789
19 29 0.02083333
19 30 0.02127660
19 31 0.02631579
19 32 0.03225806
19 33 0.03225806
19 34 0.02941176
19 35 0.02173913
19 36 0.02941176
19 37 0.03030303
19 38 0.02631579
19 39 0.03125000
19 40 0.02702703
19 41 0.02325581
19 42 0.03125000
19 43 0.02777778
19 44 0.02439024
19 65 0.03225806
19 72 0.04545455
19 49 0.01315789
19 54 0.02083333
19 68 0.01315789
19 74 0.01315789
24 15 0.01315789
24 18 0.01851852
24 19 0.03030303
24 20 0.02500000
24 21 0.02325581
24 22 0.02777778
24 23 0.02040816
24 25 0.02777778
24 26 0.03030303
24 27 0.02500000
24 28 0.01315789
24 29 0.02083333
24 30 0.02127660
24 31 0.02631579
24 32 0.03225806
24 33 0.03225806
24 34 0.02941176
24 35 0.02173913
24 36 0.02941176
24 37 0.03030303
24 38 0.02631579
24 39 0.03125000
24 40 0.02702703
24 41 0.02325581
24 42 0.03125000
24 43 0.02777778
24 44 0.02439024
24 49 0.01315789
24 54 0.02083333
24 68 0.01315789
24 74 0.01315789
25 15 0.01315789
25 18 0.01851852
25 19 0.03030303
25 20 0.02500000
25 21 0.02325581
25 22 0.02777778
25 23 0.02040816
25 24 0.03225806
25 13 0.01724138
25 26 0.03030303
25 27 0.02500000
25 28 0.01315789
25 29 0.02083333
25 30 0.02127660
25 31 0.02631579
25 32 0.03225806
25 33 0.03225806
25 34 0.02941176
25 35 0.02173913
25 36 0.02941176
25 37 0.03030303
25 38 0.02631579
25 39 0.03125000
25 40 0.02702703
25 41 0.02325581
25 42 0.03125000
25 43 0.02777778
25 44 0.02439024
25 47 0.03125000
25 54 0.02083333
25 55 0.02500000
25 63 0.03846154
25 70 0.03846154
25 49 0.01315789
25 68 0.01315789
25 74 0.01315789
30 15 0.01315789
30 18 0.01851852
30 19 0.03030303
30 20 0.02500000
30 21 0.02325581
30 22 0.02777778
30 23 0.02040816
30 24 0.03225806
30 25 0.02777778
30 26 0.03030303
30 27 0.02500000
30 28 0.01315789
30 29 0.02083333
30 7 0.03448276
30 9 0.03125000
30 11 0.02702703
30 13 0.01724138
30 31 0.02631579
30 32 0.03225806
30 33 0.03225806
30 34 0.02941176
30 35 0.02173913
30 36 0.02941176
30 37 0.03030303
30 38 0.02631579
30 39 0.03125000
30 40 0.02702703
30 41 0.02325581
30 42 0.03125000
30 43 0.02777778
30 44 0.02439024
30 47 0.03125000
30 54 0.02083333
30 56 0.03030303
30 61 0.02702703
30 62 0.03333333
30 63 0.03846154
30 64 0.03703704
30 65 0.03225806
30 68 0.01315789
30 69 0.03571429
30 70 0.03846154
30 75 0.02857143
30 77 0.03448276
30 49 0.01315789
30 71 0.02857143
30 74 0.01315789
31 15 0.01315789
31 18 0.01851852
31 19 0.03030303
31 20 0.02500000
31 21 0.02325581
31 22 0.02777778
31 23 0.02040816
31 24 0.03225806
31 25 0.02777778
31 26 0.03030303
31 27 0.02500000
31 28 0.01315789
31 29 0.02083333
31 30 0.02127660
31 32 0.03225806
31 33 0.03225806
31 34 0.02941176
31 35 0.02173913
31 36 0.02941176
31 37 0.03030303
31 38 0.02631579
31 39 0.03125000
31 40 0.02702703
31 41 0.02325581
31 42 0.03125000
31 43 0.02777778
31 44 0.02439024
31 61 0.02702703
31 62 0.03333333
31 64 0.03703704
31 65 0.03225806
31 68 0.01315789
31 70 0.03846154
31 72 0.04545455
31 75 0.02857143
31 49 0.01315789
31 54 0.02083333
31 74 0.01315789
32 15 0.01315789
32 18 0.01851852
32 19 0.03030303
32 20 0.02500000
32 21 0.02325581
32 22 0.02777778
32 23 0.02040816
32 24 0.03225806
32 25 0.02777778
32 26 0.03030303
32 27 0.02500000
32 28 0.01315789
32 29 0.02083333
32 30 0.02127660
32 31 0.02631579
32 33 0.03225806
32 34 0.02941176
32 35 0.02173913
32 36 0.02941176
32 37 0.03030303
32 38 0.02631579
32 39 0.03125000
32 40 0.02702703
32 41 0.02325581
32 42 0.03125000
32 43 0.02777778
32 44 0.02439024
32 49 0.01315789
32 54 0.02083333
32 68 0.01315789
32 74 0.01315789
33 15 0.01315789
33 18 0.01851852
33 19 0.03030303
33 20 0.02500000
33 21 0.02325581
33 22 0.02777778
33 23 0.02040816
33 24 0.03225806
33 25 0.02777778
33 26 0.03030303
33 27 0.02500000
33 28 0.01315789
33 29 0.02083333
33 30 0.02127660
33 31 0.02631579
33 32 0.03225806
33 34 0.02941176
33 35 0.02173913
33 36 0.02941176
33 37 0.03030303
33 39 0.03125000
33 42 0.03125000
33 44 0.02439024
33 38 0.02631579
33 40 0.02702703
33 41 0.02325581
33 43 0.02777778
33 49 0.01315789
33 54 0.02083333
33 68 0.01315789
33 74 0.01315789
37 15 0.01315789
37 18 0.01851852
37 19 0.03030303
37 20 0.02500000
37 21 0.02325581
37 22 0.02777778
37 23 0.02040816
37 24 0.03225806
37 25 0.02777778
37 26 0.03030303
37 27 0.02500000
37 28 0.01315789
37 29 0.02083333
37 30 0.02127660
37 31 0.02631579
37 32 0.03225806
37 33 0.03225806
37 34 0.02941176
37 35 0.02173913
37 36 0.02941176
37 13 0.01724138
37 14 0.02777778
37 38 0.02631579
37 39 0.03125000
37 40 0.02702703
37 41 0.02325581
37 42 0.03125000
37 43 0.02777778
37 44 0.02439024
37 54 0.02083333
37 68 0.01315789
37 49 0.01315789
37 74 0.01315789
39 15 0.01315789
39 18 0.01851852
39 19 0.03030303
39 20 0.02500000
39 21 0.02325581
39 22 0.02777778
39 23 0.02040816
39 24 0.03225806
39 25 0.02777778
39 26 0.03030303
39 27 0.02500000
39 28 0.01315789
39 29 0.02083333
39 30 0.02127660
39 31 0.02631579
39 32 0.03225806
39 33 0.03225806
39 34 0.02941176
39 35 0.02173913
39 36 0.02941176
39 37 0.03030303
39 38 0.02631579
39 40 0.02702703
39 41 0.02325581
39 42 0.03125000
39 43 0.02777778
39 44 0.02439024
39 54 0.02083333
39 68 0.01315789
39 70 0.03846154
39 49 0.01315789
39 74 0.01315789
42 15 0.01315789
42 18 0.01851852
42 19 0.03030303
42 20 0.02500000
42 21 0.02325581
42 22 0.02777778
42 23 0.02040816
42 24 0.03225806
42 25 0.02777778
42 26 0.03030303
42 27 0.02500000
42 28 0.01315789
42 29 0.02083333
42 30 0.02127660
42 31 0.02631579
42 32 0.03225806
42 33 0.03225806
42 34 0.02941176
42 35 0.02173913
42 36 0.02941176
42 37 0.03030303
42 38 0.02631579
42 39 0.03125000
42 40 0.02702703
42 41 0.02325581
42 43 0.02777778
42 44 0.02439024
42 47 0.03125000
42 54 0.02083333
42 49 0.01315789
42 68 0.01315789
42 74 0.01315789
43 15 0.01315789
43 18 0.01851852
43 19 0.03030303
43 20 0.02500000
43 21 0.02325581
43 22 0.02777778
43 23 0.02040816
43 24 0.03225806
43 25 0.02777778
43 26 0.03030303
43 27 0.02500000
43 28 0.01315789
43 29 0.02083333
43 30 0.02127660
43 31 0.02631579
43 32 0.03225806
43 34 0.02941176
43 35 0.02173913
43 36 0.02941176
43 37 0.03030303
43 38 0.02631579
43 39 0.03125000
43 40 0.02702703
43 41 0.02325581
43 42 0.03125000
43 11 0.02702703
43 33 0.03225806
43 44 0.02439024
43 47 0.03125000
43 54 0.02083333
43 61 0.02702703
43 64 0.03703704
43 65 0.03225806
43 68 0.01315789
43 49 0.01315789
43 74 0.01315789
51 15 0.01315789
51 28 0.01315789
51 44 0.02439024
51 45 0.04347826
51 47 0.03125000
51 48 0.04166667
51 49 0.01315789
51 46 0.05263158
51 50 0.03846154
51 52 0.03571429
51 53 0.04545455
51 54 0.02083333
51 55 0.02500000
51 56 0.03030303
51 57 0.03846154
51 58 0.03703704
51 59 0.04000000
51 60 0.03571429
51 68 0.01315789
51 65 0.03225806
51 71 0.02857143
51 74 0.01315789
63 15 0.01315789
63 25 0.02777778
63 27 0.02500000
63 28 0.01315789
63 29 0.02083333
63 30 0.02127660
63 35 0.02173913
63 49 0.01315789
63 61 0.02702703
63 62 0.03333333
63 13 0.01724138
63 34 0.02941176
63 64 0.03703704
63 65 0.03225806
63 66 0.04545455
63 67 0.04545455
63 68 0.01315789
63 69 0.03571429
63 70 0.03846154
63 71 0.02857143
63 72 0.04545455
63 73 0.05555556
63 74 0.01315789
63 75 0.02857143
63 76 0.05263158
63 77 0.03448276
64 15 0.01315789
64 27 0.02500000
64 28 0.01315789
64 29 0.02083333
64 30 0.02127660
64 31 0.02631579
64 35 0.02173913
64 41 0.02325581
64 43 0.02777778
64 49 0.01315789
64 54 0.02083333
64 61 0.02702703
64 62 0.03333333
64 63 0.03846154
64 13 0.01724138
64 65 0.03225806
64 66 0.04545455
64 67 0.04545455
64 68 0.01315789
64 69 0.03571429
64 71 0.02857143
64 72 0.04545455
64 73 0.05555556
64 74 0.01315789
64 75 0.02857143
64 76 0.05263158
64 77 0.03448276
66 15 0.01315789
66 28 0.01315789
66 29 0.02083333
66 49 0.01315789
66 61 0.02702703
66 62 0.03333333
66 63 0.03846154
66 64 0.03703704
66 65 0.03225806
66 11 0.02702703
66 13 0.01724138
66 67 0.04545455
66 68 0.01315789
66 69 0.03571429
66 70 0.03846154
66 71 0.02857143
66 72 0.04545455
66 73 0.05555556
66 74 0.01315789
66 75 0.02857143
66 76 0.05263158
66 77 0.03448276
70 15 0.01315789
70 20 0.02500000
70 23 0.02040816
70 25 0.02777778
70 28 0.01315789
70 29 0.02083333
70 30 0.02127660
70 31 0.02631579
70 35 0.02173913
70 38 0.02631579
70 39 0.03125000
70 41 0.02325581
70 49 0.01315789
70 61 0.02702703
70 62 0.03333333
70 63 0.03846154
70 65 0.03225806
70 66 0.04545455
70 67 0.04545455
70 68 0.01315789
70 69 0.03571429
70 75 0.02857143
70 77 0.03448276
70 72 0.04545455
70 74 0.01315789
70 76 0.05263158
72 15 0.01315789
72 19 0.03030303
72 28 0.01315789
72 31 0.02631579
72 41 0.02325581
72 49 0.01315789
72 61 0.02702703
72 62 0.03333333
72 63 0.03846154
72 64 0.03703704
72 65 0.03225806
72 66 0.04545455
72 67 0.04545455
72 68 0.01315789
72 69 0.03571429
72 71 0.02857143
72 70 0.03846154
72 73 0.05555556
72 74 0.01315789
72 75 0.02857143
72 76 0.05263158
72 77 0.03448276
73 15 0.01315789
73 28 0.01315789
73 49 0.01315789
73 61 0.02702703
73 62 0.03333333
73 63 0.03846154
73 64 0.03703704
73 65 0.03225806
73 66 0.04545455
73 67 0.04545455
73 68 0.01315789
73 69 0.03571429
73 71 0.02857143
73 72 0.04545455
73 74 0.01315789
73 75 0.02857143
73 76 0.05263158
73 77 0.03448276
76 15 0.01315789
76 28 0.01315789
76 49 0.01315789
76 61 0.02702703
76 62 0.03333333
76 63 0.03846154
76 64 0.03703704
76 65 0.03225806
76 66 0.04545455
76 67 0.04545455
76 68 0.01315789
76 69 0.03571429
76 71 0.02857143
76 72 0.04545455
76 74 0.01315789
76 75 0.02857143
76 70 0.03846154
76 73 0.05555556
76 77 0.03448276
